9.588927626609802246e-01
9.763264656066894531e-01
9.820734858512878418e-01
9.855966567993164062e-01
9.919731020927429199e-01
1.001914381980895996e+00
1.005952477455139160e+00
1.012866616249084473e+00
1.019078254699707031e+00
1.021034955978393555e+00
1.026908516883850098e+00
1.030771255493164062e+00
1.033989906311035156e+00
1.037136077880859375e+00
1.041113376617431641e+00
1.034118294715881348e+00
1.034532070159912109e+00
1.042528033256530762e+00
1.045899152755737305e+00
1.047226905822753906e+00
1.046254277229309082e+00
1.042313694953918457e+00
1.040456652641296387e+00
1.046013832092285156e+00
1.045863270759582520e+00
1.047804236412048340e+00
1.051280856132507324e+00
1.054413199424743652e+00
1.053682088851928711e+00
1.056308150291442871e+00
1.057179331779479980e+00
1.060216903686523438e+00
1.062048077583312988e+00
1.063033819198608398e+00
1.065285086631774902e+00
1.062074542045593262e+00
1.064877986907958984e+00
1.069622635841369629e+00
1.071076393127441406e+00
1.072335362434387207e+00
1.075746893882751465e+00
1.077643871307373047e+00
1.078080296516418457e+00
1.077838063240051270e+00
1.076261639595031738e+00
1.077903985977172852e+00
1.078880310058593750e+00
1.080881237983703613e+00
1.087058305740356445e+00
1.092560172080993652e+00
1.095169067382812500e+00
1.097414851188659668e+00
1.099694848060607910e+00
1.103933691978454590e+00
1.109384775161743164e+00
1.103599429130554199e+00
1.108204007148742676e+00
1.103933811187744141e+00
1.107748985290527344e+00
1.104942083358764648e+00
1.105929970741271973e+00
1.100755572319030762e+00
1.105779290199279785e+00
1.104072332382202148e+00
1.103124618530273438e+00
1.104919075965881348e+00
1.104998230934143066e+00
1.106365442276000977e+00
1.111535072326660156e+00
1.110054254531860352e+00
1.110472679138183594e+00
1.112187027931213379e+00
1.109914779663085938e+00
1.110032320022583008e+00
1.111112356185913086e+00
1.112717747688293457e+00
1.110879540443420410e+00
1.113256931304931641e+00
1.120097279548645020e+00
1.121352314949035645e+00
1.120772957801818848e+00
1.116775512695312500e+00
1.119879484176635742e+00
1.122058629989624023e+00
1.123897671699523926e+00
1.123036980628967285e+00
1.125445723533630371e+00
1.121876001358032227e+00
1.119375467300415039e+00
1.119032979011535645e+00
1.119530320167541504e+00
1.115621566772460938e+00
1.116193532943725586e+00
1.115684390068054199e+00
1.115906953811645508e+00
1.117272138595581055e+00
1.119456052780151367e+00
1.118590593338012695e+00
1.116741061210632324e+00
1.114310026168823242e+00
1.115213871002197266e+00
1.112515449523925781e+00
1.115496516227722168e+00
1.116814970970153809e+00
1.116952657699584961e+00
1.120607972145080566e+00
1.123818874359130859e+00
1.123737335205078125e+00
1.125299572944641113e+00
1.128044486045837402e+00
1.123172283172607422e+00
1.125545144081115723e+00
1.128983616828918457e+00
1.130348443984985352e+00
1.130212306976318359e+00
1.131011962890625000e+00
1.131547570228576660e+00
1.129057049751281738e+00
1.134479999542236328e+00
1.134156942367553711e+00
1.136205792427062988e+00
1.129934549331665039e+00
1.131823539733886719e+00
1.136811494827270508e+00
1.137119531631469727e+00
1.133522510528564453e+00
1.128092885017395020e+00
1.128069519996643066e+00
1.126387357711791992e+00
1.128138303756713867e+00
1.128359079360961914e+00
1.129632830619812012e+00
1.130709886550903320e+00
1.130011796951293945e+00
1.128188133239746094e+00
1.128862023353576660e+00
1.125766515731811523e+00
1.129920601844787598e+00
1.126323103904724121e+00
1.126341581344604492e+00
1.127799630165100098e+00
1.132467627525329590e+00
1.134538292884826660e+00
1.137740373611450195e+00
1.137955546379089355e+00
1.133831858634948730e+00
1.128513336181640625e+00
1.132603049278259277e+00
1.128935694694519043e+00
1.131009697914123535e+00
1.129618287086486816e+00
1.129979729652404785e+00
1.128028631210327148e+00
1.124324440956115723e+00
1.129661560058593750e+00
1.129489660263061523e+00
1.129380345344543457e+00
1.127864956855773926e+00
1.129000663757324219e+00
1.129688978195190430e+00
1.130362510681152344e+00
1.132679224014282227e+00
1.129481554031372070e+00
1.127626180648803711e+00
1.125044345855712891e+00
1.129998326301574707e+00
1.128896594047546387e+00
1.129672527313232422e+00
1.126114964485168457e+00
1.129685878753662109e+00
1.135408401489257812e+00
1.139650344848632812e+00
1.135955214500427246e+00
1.136689662933349609e+00
1.136039257049560547e+00
1.135898947715759277e+00
1.133315801620483398e+00
1.134467124938964844e+00
1.130236983299255371e+00
1.135483503341674805e+00
1.138539791107177734e+00
1.142477035522460938e+00
1.142587780952453613e+00
1.141250014305114746e+00
1.143332242965698242e+00
1.142698764801025391e+00
1.141475319862365723e+00
1.136506438255310059e+00
1.136734366416931152e+00
1.135139822959899902e+00
1.135175108909606934e+00
1.133568882942199707e+00
1.136470556259155273e+00
1.137868642807006836e+00
1.138569951057434082e+00
1.137171387672424316e+00
1.140465617179870605e+00
1.140443682670593262e+00
1.135183691978454590e+00
1.140567660331726074e+00
1.137066721916198730e+00
1.138098835945129395e+00
1.139854431152343750e+00
1.140746235847473145e+00
1.139421939849853516e+00
1.138019561767578125e+00
1.139520645141601562e+00
1.142152786254882812e+00
1.137578964233398438e+00
1.139568567276000977e+00
1.138022661209106445e+00
1.140348196029663086e+00
1.144477844238281250e+00
1.143806815147399902e+00
1.143611550331115723e+00
1.142904639244079590e+00
1.141593337059020996e+00
1.145109057426452637e+00
1.142673611640930176e+00
1.144190549850463867e+00
1.151336908340454102e+00
1.155623078346252441e+00
1.148967146873474121e+00
1.150781154632568359e+00
1.150600790977478027e+00
1.152785897254943848e+00
1.152614474296569824e+00
1.150328636169433594e+00
1.152432322502136230e+00
1.153210520744323730e+00
1.152826428413391113e+00
1.148231267929077148e+00
1.148250222206115723e+00
1.148231625556945801e+00
1.153403997421264648e+00
1.156396985054016113e+00
1.155927419662475586e+00
1.155690670013427734e+00
1.158659696578979492e+00
1.155972242355346680e+00
1.160204410552978516e+00
1.165004849433898926e+00
1.167706727981567383e+00
1.162116885185241699e+00
1.159858942031860352e+00
1.162119269371032715e+00
1.164289712905883789e+00
1.158991098403930664e+00
1.159146428108215332e+00
1.157481074333190918e+00
1.164120197296142578e+00
1.161365032196044922e+00
1.165823459625244141e+00
1.167069315910339355e+00
1.166724920272827148e+00
1.170635819435119629e+00
1.169011235237121582e+00
1.171945929527282715e+00
1.170403838157653809e+00
1.175229668617248535e+00
1.169464468955993652e+00
1.172824978828430176e+00
1.173243045806884766e+00
1.172697782516479492e+00
1.168190360069274902e+00
1.162855744361877441e+00
1.163232088088989258e+00
1.165969848632812500e+00
1.164446592330932617e+00
1.165452837944030762e+00
1.161311388015747070e+00
1.163402080535888672e+00
1.165391564369201660e+00
1.168154478073120117e+00
1.170521140098571777e+00
1.166977286338806152e+00
1.164693355560302734e+00
1.161893844604492188e+00
1.161799311637878418e+00
1.163989543914794922e+00
1.164731025695800781e+00
1.166742682456970215e+00
1.163787722587585449e+00
1.164945721626281738e+00
1.166479706764221191e+00
1.165359497070312500e+00
1.164754867553710938e+00
1.159907698631286621e+00
1.158190846443176270e+00
1.158244252204895020e+00
1.158774018287658691e+00
1.155732512474060059e+00
1.156806945800781250e+00
1.153058290481567383e+00
1.156373620033264160e+00
1.152144789695739746e+00
1.154334306716918945e+00
1.155411362648010254e+00
1.156220674514770508e+00
1.152682542800903320e+00
1.151801705360412598e+00
1.162307381629943848e+00
1.159283280372619629e+00
1.155787706375122070e+00
1.162706375122070312e+00
1.160681962966918945e+00
1.163060069084167480e+00
1.164268612861633301e+00
1.163202762603759766e+00
1.159584522247314453e+00
1.159490346908569336e+00
1.165887475013732910e+00
1.166083812713623047e+00
1.162355661392211914e+00
1.162692189216613770e+00
1.161806225776672363e+00
1.158758759498596191e+00
1.167519330978393555e+00
1.170581102371215820e+00
1.166655659675598145e+00
1.168275117874145508e+00
1.165984392166137695e+00
1.167433619499206543e+00
1.166273355484008789e+00
1.171025156974792480e+00
1.169050693511962891e+00
1.169669032096862793e+00
1.172257423400878906e+00
1.172890186309814453e+00
1.171898841857910156e+00
1.173593759536743164e+00
1.177983522415161133e+00
1.182764410972595215e+00
1.181398391723632812e+00
1.179024815559387207e+00
1.181017994880676270e+00
1.181515574455261230e+00
1.181926012039184570e+00
1.173415422439575195e+00
1.169186711311340332e+00
1.171459794044494629e+00
1.169236779212951660e+00
1.169674634933471680e+00
1.170488715171813965e+00
1.168574929237365723e+00
1.170524001121520996e+00
1.168425679206848145e+00
1.168604612350463867e+00
1.167706131935119629e+00
1.162395000457763672e+00
1.165756702423095703e+00
1.162837624549865723e+00
1.162485361099243164e+00
1.168444156646728516e+00
1.168857097625732422e+00
1.167896628379821777e+00
1.167333364486694336e+00
1.171204328536987305e+00
1.173101186752319336e+00
1.168724179267883301e+00
1.167855262756347656e+00
1.169253706932067871e+00
1.172082662582397461e+00
1.176686167716979980e+00
1.175396203994750977e+00
1.174305677413940430e+00
1.171348333358764648e+00
1.175119638442993164e+00
1.176186800003051758e+00
1.179495453834533691e+00
1.178589582443237305e+00
1.179869055747985840e+00
1.182623744010925293e+00
1.184488177299499512e+00
1.185261011123657227e+00
1.181841254234313965e+00
1.180180430412292480e+00
1.179393291473388672e+00
1.171174168586730957e+00
1.171310067176818848e+00
1.171504378318786621e+00
1.174176812171936035e+00
1.178895473480224609e+00
1.172997951507568359e+00
1.170690298080444336e+00
1.165450811386108398e+00
1.170209765434265137e+00
1.168223261833190918e+00
1.169570088386535645e+00
1.168714761734008789e+00
1.168896794319152832e+00
1.171145915985107422e+00
1.169737815856933594e+00
1.169816851615905762e+00
1.172089219093322754e+00
1.168367981910705566e+00
1.164837718009948730e+00
1.166858911514282227e+00
1.167146682739257812e+00
1.162657737731933594e+00
1.164724826812744141e+00
1.159972667694091797e+00
1.160107016563415527e+00
1.163450956344604492e+00
1.165182709693908691e+00
1.158792734146118164e+00
1.159999251365661621e+00
1.162787914276123047e+00
1.169527649879455566e+00
1.166475415229797363e+00
1.169128775596618652e+00
1.169172406196594238e+00
1.171631336212158203e+00
1.175880312919616699e+00
1.170043706893920898e+00
1.170434594154357910e+00
1.166876435279846191e+00
1.167481660842895508e+00
1.172513842582702637e+00
1.167504906654357910e+00
1.169324040412902832e+00
1.169974923133850098e+00
1.172993779182434082e+00
1.173074722290039062e+00
1.165254116058349609e+00
1.169787406921386719e+00
1.168687701225280762e+00
1.172847867012023926e+00
1.170368075370788574e+00
1.171004414558410645e+00
1.170422315597534180e+00
1.169226884841918945e+00
1.164225697517395020e+00
1.169634461402893066e+00
1.174145579338073730e+00
1.170597553253173828e+00
1.168611407279968262e+00
1.169778347015380859e+00
1.165870428085327148e+00
1.162283182144165039e+00
1.159514546394348145e+00
1.155052065849304199e+00
1.153707146644592285e+00
1.153369903564453125e+00
1.152165293693542480e+00
1.153647780418395996e+00
1.151889085769653320e+00
1.146761536598205566e+00
1.151019692420959473e+00
1.150485754013061523e+00
1.151305675506591797e+00
1.152077078819274902e+00
1.156590461730957031e+00
1.160904049873352051e+00
1.156846761703491211e+00
1.158621549606323242e+00
1.163164019584655762e+00
1.158875107765197754e+00
1.159730672836303711e+00
1.158456563949584961e+00
1.161225795745849609e+00
1.164152741432189941e+00
1.167768239974975586e+00
1.162139177322387695e+00
1.164067983627319336e+00
1.156935095787048340e+00
1.156562089920043945e+00
1.164794445037841797e+00
1.163670659065246582e+00
1.159978985786437988e+00
1.161863684654235840e+00
1.158473968505859375e+00
1.158586144447326660e+00
1.156598806381225586e+00
1.157289624214172363e+00
1.162066221237182617e+00
1.161571860313415527e+00
1.163654446601867676e+00
1.162088513374328613e+00
1.162987351417541504e+00
1.160404682159423828e+00
1.160891175270080566e+00
1.156288623809814453e+00
1.155057787895202637e+00
1.150297284126281738e+00
1.149273157119750977e+00
1.149058222770690918e+00
1.148064851760864258e+00
1.149952650070190430e+00
1.149714469909667969e+00
1.149814963340759277e+00
1.152965068817138672e+00
1.152102231979370117e+00
1.155630707740783691e+00
1.151197075843811035e+00
1.154275655746459961e+00
1.152844548225402832e+00
1.152425527572631836e+00
1.146920919418334961e+00
1.144862890243530273e+00
1.140781998634338379e+00
1.145041346549987793e+00
1.148117065429687500e+00
1.148135066032409668e+00
1.154563069343566895e+00
1.154376864433288574e+00
1.151628732681274414e+00
1.150715947151184082e+00
1.154924511909484863e+00
1.152907609939575195e+00
1.153465390205383301e+00
1.151705145835876465e+00
1.148421764373779297e+00
1.153853535652160645e+00
1.154486298561096191e+00
1.160202145576477051e+00
1.159900784492492676e+00
1.159155488014221191e+00
1.158982157707214355e+00
1.157974600791931152e+00
1.159174919128417969e+00
1.159158229827880859e+00
1.159237623214721680e+00
1.162314176559448242e+00
1.161455392837524414e+00
1.167173027992248535e+00
1.171401023864746094e+00
1.167451262474060059e+00
1.166642665863037109e+00
1.165840864181518555e+00
1.165137410163879395e+00
1.164374470710754395e+00
1.164145112037658691e+00
1.165064334869384766e+00
1.168142199516296387e+00
1.167432188987731934e+00
1.167265176773071289e+00
1.170736551284790039e+00
1.173506498336791992e+00
1.172496914863586426e+00
1.167108654975891113e+00
1.167310595512390137e+00
1.170972585678100586e+00
1.169399142265319824e+00
1.171006560325622559e+00
1.170610666275024414e+00
1.161905288696289062e+00
1.169338107109069824e+00
1.172647714614868164e+00
1.169712305068969727e+00
1.169471740722656250e+00
1.170549035072326660e+00
1.173287987709045410e+00
1.171734094619750977e+00
1.173251152038574219e+00
1.173448801040649414e+00
1.169567823410034180e+00
1.171020269393920898e+00
1.172180294990539551e+00
1.167739272117614746e+00
1.167346239089965820e+00
1.171851992607116699e+00
1.170663118362426758e+00
1.172109603881835938e+00
1.170493960380554199e+00
1.172943949699401855e+00
1.173765182495117188e+00
1.170464515686035156e+00
1.170265436172485352e+00
1.169587612152099609e+00
1.169169425964355469e+00
1.167209267616271973e+00
1.163920521736145020e+00
1.163378357887268066e+00
1.163551211357116699e+00
1.164823174476623535e+00
1.169196128845214844e+00
1.167122840881347656e+00
1.166480183601379395e+00
1.166091680526733398e+00
1.162488102912902832e+00
1.162299275398254395e+00
1.163620948791503906e+00
1.169036865234375000e+00
1.173016071319580078e+00
1.171442031860351562e+00
1.171108841896057129e+00
1.171097874641418457e+00
1.172633767127990723e+00
1.178802847862243652e+00
1.177794098854064941e+00
1.179586172103881836e+00
1.183756232261657715e+00
1.187697410583496094e+00
1.185369014739990234e+00
1.177792072296142578e+00
1.173713922500610352e+00
1.170031785964965820e+00
1.167406797409057617e+00
1.168925881385803223e+00
1.171437263488769531e+00
1.172081589698791504e+00
1.173892974853515625e+00
1.173758506774902344e+00
1.169902443885803223e+00
1.170055389404296875e+00
1.169396877288818359e+00
1.166119933128356934e+00
1.166505098342895508e+00
1.168569207191467285e+00
1.164801955223083496e+00
1.165943741798400879e+00
1.168481111526489258e+00
1.172689199447631836e+00
1.173234939575195312e+00
1.169152498245239258e+00
1.169354915618896484e+00
1.170043230056762695e+00
1.173973798751831055e+00
1.171700239181518555e+00
1.168983936309814453e+00
1.167450547218322754e+00
1.164062500000000000e+00
1.164367318153381348e+00
1.161993145942687988e+00
1.162612676620483398e+00
1.159429073333740234e+00
1.159315347671508789e+00
1.160596728324890137e+00
1.166995525360107422e+00
1.165087461471557617e+00
1.164534807205200195e+00
1.164030075073242188e+00
1.160732150077819824e+00
1.161549210548400879e+00
1.161501288414001465e+00
1.163846611976623535e+00
1.163535952568054199e+00
1.163013219833374023e+00
1.163857936859130859e+00
1.165781140327453613e+00
1.163279414176940918e+00
1.162612080574035645e+00
1.159051537513732910e+00
1.153666734695434570e+00
1.154714941978454590e+00
1.157521963119506836e+00
1.159459829330444336e+00
1.160585165023803711e+00
1.157599925994873047e+00
1.154371023178100586e+00
1.154585003852844238e+00
1.155426383018493652e+00
1.159620761871337891e+00
1.153057336807250977e+00
1.155727505683898926e+00
1.158400416374206543e+00
1.160369277000427246e+00
1.164011120796203613e+00
1.164971590042114258e+00
1.159264326095581055e+00
1.159256577491760254e+00
1.158479094505310059e+00
1.159368515014648438e+00
1.157012701034545898e+00
1.157788991928100586e+00
1.154892563819885254e+00
1.156004190444946289e+00
1.156782627105712891e+00
1.154744148254394531e+00
1.155936121940612793e+00
1.157388091087341309e+00
1.157430648803710938e+00
1.157269835472106934e+00
1.157884240150451660e+00
1.163401126861572266e+00
1.166778922080993652e+00
1.166595578193664551e+00
1.168326616287231445e+00
1.164509773254394531e+00
1.163575053215026855e+00
1.163000464439392090e+00
1.158019781112670898e+00
1.159876346588134766e+00
1.164026379585266113e+00
1.162707090377807617e+00
1.161724448204040527e+00
1.164958477020263672e+00
1.171561717987060547e+00
1.170240998268127441e+00
1.171170473098754883e+00
1.168070435523986816e+00
1.168641448020935059e+00
1.167312622070312500e+00
1.170388817787170410e+00
1.174455165863037109e+00
1.174592971801757812e+00
1.174282193183898926e+00
1.174064278602600098e+00
1.168099761009216309e+00
1.172499537467956543e+00
1.175448417663574219e+00
1.178355693817138672e+00
1.178497552871704102e+00
1.175967216491699219e+00
1.179538726806640625e+00
1.184017062187194824e+00
1.186990857124328613e+00
1.184581756591796875e+00
1.184984207153320312e+00
1.189063668251037598e+00
1.190596222877502441e+00
1.188668727874755859e+00
1.185185670852661133e+00
1.186193227767944336e+00
1.185758948326110840e+00
1.175000071525573730e+00
1.172043323516845703e+00
1.177618622779846191e+00
1.180423259735107422e+00
1.181379437446594238e+00
1.183110833168029785e+00
1.183088660240173340e+00
1.178274154663085938e+00
1.178170680999755859e+00
1.183402538299560547e+00
1.182026982307434082e+00
1.181410193443298340e+00
1.185080885887145996e+00
1.178051114082336426e+00
1.185673594474792480e+00
1.182175517082214355e+00
1.182702422142028809e+00
1.182511091232299805e+00
1.180190443992614746e+00
1.180325269699096680e+00
1.180238962173461914e+00
1.171232104301452637e+00
1.175324916839599609e+00
1.176077127456665039e+00
1.173958301544189453e+00
1.182834863662719727e+00
1.182926774024963379e+00
1.184209465980529785e+00
1.179637074470520020e+00
1.175817489624023438e+00
1.173640131950378418e+00
1.171586990356445312e+00
1.170524597167968750e+00
1.174586534500122070e+00
1.178335547447204590e+00
1.176807761192321777e+00
1.176109552383422852e+00
1.178638339042663574e+00
1.181388974189758301e+00
1.181180477142333984e+00
1.181634664535522461e+00
1.177405357360839844e+00
1.176476836204528809e+00
1.177366256713867188e+00
1.178015470504760742e+00
1.176983833312988281e+00
1.172470092773437500e+00
1.174088716506958008e+00
1.174233317375183105e+00
1.175563931465148926e+00
1.175105094909667969e+00
1.174062013626098633e+00
1.176969766616821289e+00
1.181003451347351074e+00
1.182120800018310547e+00
1.178158164024353027e+00
1.178615093231201172e+00
1.176645040512084961e+00
1.179757595062255859e+00
1.179850220680236816e+00
1.178831458091735840e+00
1.176997303962707520e+00
1.176869392395019531e+00
1.179930329322814941e+00
1.177553415298461914e+00
1.176240205764770508e+00
1.173948645591735840e+00
1.174823403358459473e+00
1.170626759529113770e+00
1.173363804817199707e+00
1.169627785682678223e+00
1.173062443733215332e+00
1.167263984680175781e+00
1.170599579811096191e+00
1.177506327629089355e+00
1.175649523735046387e+00
1.179332733154296875e+00
1.174872517585754395e+00
1.173665642738342285e+00
1.172122478485107422e+00
1.170679211616516113e+00
1.175352454185485840e+00
1.179744243621826172e+00
1.181374430656433105e+00
1.180784940719604492e+00
1.175587892532348633e+00
1.174154400825500488e+00
1.174188971519470215e+00
1.171119451522827148e+00
1.168217897415161133e+00
1.173046350479125977e+00
1.174348473548889160e+00
1.175181508064270020e+00
1.173774361610412598e+00
1.169103264808654785e+00
1.166602730751037598e+00
1.167448759078979492e+00
1.169515848159790039e+00
1.166368842124938965e+00
1.172259330749511719e+00
1.177369117736816406e+00
1.174185872077941895e+00
1.177924156188964844e+00
1.176556944847106934e+00
1.171249866485595703e+00
1.170072913169860840e+00
1.173592209815979004e+00
1.174142599105834961e+00
1.174211502075195312e+00
1.173686265945434570e+00
1.174251079559326172e+00
1.171167254447937012e+00
1.172298908233642578e+00
1.170009970664978027e+00
1.169937729835510254e+00
1.171720862388610840e+00
1.173316836357116699e+00
1.169390797615051270e+00
1.171756029129028320e+00
1.171729207038879395e+00
1.173462748527526855e+00
1.176070094108581543e+00
1.171717524528503418e+00
1.171973228454589844e+00
1.169307827949523926e+00
1.165283799171447754e+00
1.171963334083557129e+00
1.168247580528259277e+00
1.170255422592163086e+00
1.168953418731689453e+00
1.171923160552978516e+00
1.169555664062500000e+00
1.169902920722961426e+00
1.165316224098205566e+00
1.163632273674011230e+00
1.161432385444641113e+00
1.169262647628784180e+00
1.170408725738525391e+00
1.169288516044616699e+00
1.171866774559020996e+00
1.173456311225891113e+00
1.173407077789306641e+00
1.176109194755554199e+00
1.171966910362243652e+00
1.175778031349182129e+00
1.169011473655700684e+00
1.172208905220031738e+00
1.166532158851623535e+00
1.161661624908447266e+00
1.165144324302673340e+00
1.166306376457214355e+00
1.164090752601623535e+00
1.162179946899414062e+00
1.161065936088562012e+00
1.163142323493957520e+00
1.161336779594421387e+00
1.160735249519348145e+00
1.163815498352050781e+00
1.160891771316528320e+00
1.162582874298095703e+00
1.161021351814270020e+00
1.162828207015991211e+00
1.168068528175354004e+00
1.169711947441101074e+00
1.168248414993286133e+00
1.168365359306335449e+00
1.170114994049072266e+00
1.172386050224304199e+00
1.171953558921813965e+00
1.173869967460632324e+00
1.175422191619873047e+00
1.172410726547241211e+00
1.170293807983398438e+00
1.170860886573791504e+00
1.172350287437438965e+00
1.168512225151062012e+00
1.171978712081909180e+00
1.168406605720520020e+00
1.170248508453369141e+00
1.175303816795349121e+00
1.174976229667663574e+00
1.169184207916259766e+00
1.170200228691101074e+00
1.167838692665100098e+00
1.168780803680419922e+00
1.172157645225524902e+00
1.170749306678771973e+00
1.173618674278259277e+00
1.177268505096435547e+00
1.175865173339843750e+00
1.168002486228942871e+00
1.167328715324401855e+00
1.166264057159423828e+00
1.168508887290954590e+00
1.171868205070495605e+00
1.167418599128723145e+00
1.164428949356079102e+00
1.162180781364440918e+00
1.164608716964721680e+00
1.165114641189575195e+00
1.168026089668273926e+00
1.165801167488098145e+00
1.168707847595214844e+00
1.175767540931701660e+00
1.167151570320129395e+00
1.170055627822875977e+00
1.176114678382873535e+00
1.171973109245300293e+00
1.170543193817138672e+00
1.172483801841735840e+00
1.173997163772583008e+00
1.175145745277404785e+00
1.169620752334594727e+00
1.169708847999572754e+00
1.175096750259399414e+00
1.174163699150085449e+00
1.168125987052917480e+00
1.164141654968261719e+00
1.163320302963256836e+00
1.163180708885192871e+00
1.163581728935241699e+00
1.162635326385498047e+00
1.160441040992736816e+00
1.162072777748107910e+00
1.162164807319641113e+00
1.165721893310546875e+00
1.166405797004699707e+00
1.167244434356689453e+00
1.173561453819274902e+00
1.173685669898986816e+00
1.177153825759887695e+00
1.176179170608520508e+00
1.175922393798828125e+00
1.170350313186645508e+00
1.164169907569885254e+00
1.167080044746398926e+00
1.169734001159667969e+00
1.168500661849975586e+00
1.169068694114685059e+00
1.168278932571411133e+00
1.165349125862121582e+00
1.169734239578247070e+00
1.167064547538757324e+00
1.168887138366699219e+00
1.165519833564758301e+00
1.157457828521728516e+00
1.158709526062011719e+00
1.158330798149108887e+00
1.158274531364440918e+00
1.157902717590332031e+00
1.160921216011047363e+00
1.158771991729736328e+00
1.158947587013244629e+00
1.157449960708618164e+00
1.155799627304077148e+00
1.153683900833129883e+00
1.161229372024536133e+00
1.166419506072998047e+00
1.168519020080566406e+00
1.166626334190368652e+00
1.160807251930236816e+00
1.158792495727539062e+00
1.162182450294494629e+00
1.160401940345764160e+00
1.160455226898193359e+00
1.157672762870788574e+00
1.160136580467224121e+00
1.159441351890563965e+00
1.156308174133300781e+00
1.156687855720520020e+00
1.166014909744262695e+00
1.167303085327148438e+00
1.170397400856018066e+00
1.172530412673950195e+00
1.173011183738708496e+00
1.173330783843994141e+00
1.174471378326416016e+00
1.170908570289611816e+00
1.168871998786926270e+00
1.172304987907409668e+00
1.167347788810729980e+00
1.167225122451782227e+00
1.161311149597167969e+00
1.161511540412902832e+00
1.162853002548217773e+00
1.161859989166259766e+00
1.158557772636413574e+00
1.157590746879577637e+00
1.153808593750000000e+00
1.154139518737792969e+00
1.153045296669006348e+00
1.154732704162597656e+00
1.151920914649963379e+00
1.153313040733337402e+00
1.152677297592163086e+00
1.152057409286499023e+00
1.152711033821105957e+00
1.152384877204895020e+00
1.157993555068969727e+00
1.154372215270996094e+00
1.150763630867004395e+00
1.155005216598510742e+00
1.161697626113891602e+00
1.163080215454101562e+00
1.163350343704223633e+00
1.160806179046630859e+00
1.158902883529663086e+00
1.160149574279785156e+00
1.164356827735900879e+00
1.161726117134094238e+00
1.164466619491577148e+00
1.159851074218750000e+00
1.158860802650451660e+00
1.157462716102600098e+00
1.158516287803649902e+00
1.161657929420471191e+00
1.162950873374938965e+00
1.159354805946350098e+00
1.156058549880981445e+00
1.153921604156494141e+00
1.152127504348754883e+00
1.151516914367675781e+00
1.156034231185913086e+00
1.152721881866455078e+00
1.158889293670654297e+00
1.162064194679260254e+00
1.156847476959228516e+00
1.158493995666503906e+00
1.155757546424865723e+00
1.157484889030456543e+00
1.160383582115173340e+00
1.160825014114379883e+00
1.159579992294311523e+00
1.160035371780395508e+00
1.159277439117431641e+00
1.155855417251586914e+00
1.156499266624450684e+00
1.159972906112670898e+00
1.158903837203979492e+00
1.161738276481628418e+00
1.162213563919067383e+00
1.160576105117797852e+00
1.155533313751220703e+00
1.157962203025817871e+00
1.161339282989501953e+00
1.160173773765563965e+00
1.159063696861267090e+00
1.156789302825927734e+00
1.158618092536926270e+00
1.156135320663452148e+00
1.152162075042724609e+00
1.154006361961364746e+00
1.154476881027221680e+00
1.153406858444213867e+00
1.154141187667846680e+00
1.154176950454711914e+00
1.158783912658691406e+00
1.157181859016418457e+00
1.160672664642333984e+00
1.160699248313903809e+00
1.160991907119750977e+00
1.161302924156188965e+00
1.162838220596313477e+00
1.162835597991943359e+00
1.163338303565979004e+00
1.166942119598388672e+00
1.164199352264404297e+00
1.165770530700683594e+00
1.165939092636108398e+00
1.163475990295410156e+00
1.166316986083984375e+00
1.165452361106872559e+00
1.168028950691223145e+00
1.170374274253845215e+00
1.166198372840881348e+00
1.167164802551269531e+00
1.169600605964660645e+00
1.168431758880615234e+00
1.168779969215393066e+00
1.164931297302246094e+00
1.160138607025146484e+00
1.165317177772521973e+00
1.165458679199218750e+00
1.169740915298461914e+00
1.165617823600769043e+00
1.163674235343933105e+00
1.160995721817016602e+00
1.164585113525390625e+00
1.167249441146850586e+00
1.171310424804687500e+00
1.167503833770751953e+00
1.166375279426574707e+00
1.164294123649597168e+00
1.169922709465026855e+00
1.168035268783569336e+00
1.172707557678222656e+00
1.170993804931640625e+00
1.164879202842712402e+00
1.169567108154296875e+00
1.168717026710510254e+00
1.171966314315795898e+00
1.173342704772949219e+00
1.173275351524353027e+00
1.172565817832946777e+00
1.173426866531372070e+00
1.172713160514831543e+00
1.170622587203979492e+00
1.168301463127136230e+00
1.167978048324584961e+00
1.163591980934143066e+00
1.158540248870849609e+00
1.154375553131103516e+00
1.150949597358703613e+00
1.152517557144165039e+00
1.157804131507873535e+00
1.165382146835327148e+00
1.163731694221496582e+00
1.165535569190979004e+00
1.163457155227661133e+00
1.165624737739562988e+00
1.162530660629272461e+00
1.166580915451049805e+00
1.170119047164916992e+00
1.168751597404479980e+00
1.166229963302612305e+00
1.163171052932739258e+00
1.166180253028869629e+00
1.158553838729858398e+00
1.154730796813964844e+00
1.157370328903198242e+00
1.156286835670471191e+00
1.152293443679809570e+00
1.154108881950378418e+00
1.155984759330749512e+00
1.155132770538330078e+00
1.150942921638488770e+00
1.152848720550537109e+00
1.155575513839721680e+00
1.162527322769165039e+00
1.164752721786499023e+00
1.166535854339599609e+00
1.165886640548706055e+00
1.167948365211486816e+00
1.163941025733947754e+00
1.166270494461059570e+00
1.161856651306152344e+00
1.167538762092590332e+00
1.166718125343322754e+00
1.168202757835388184e+00
1.167843461036682129e+00
1.164390206336975098e+00
1.157523989677429199e+00
1.156624436378479004e+00
1.159220337867736816e+00
1.154504418373107910e+00
1.159364461898803711e+00
1.161668896675109863e+00
1.155341625213623047e+00
1.154310464859008789e+00
1.155750751495361328e+00
1.158463120460510254e+00
1.158517837524414062e+00
1.155222773551940918e+00
1.159250855445861816e+00
1.164867043495178223e+00
1.163901805877685547e+00
1.159902811050415039e+00
1.164482831954956055e+00
1.163947463035583496e+00
1.166278958320617676e+00
1.160781502723693848e+00
1.162142753601074219e+00
1.161342501640319824e+00
1.165147900581359863e+00
1.166088938713073730e+00
1.167481780052185059e+00
1.163883924484252930e+00
1.168147206306457520e+00
1.171131134033203125e+00
1.168606638908386230e+00
1.169015407562255859e+00
1.167966246604919434e+00
1.164920926094055176e+00
1.165397763252258301e+00
1.161674618721008301e+00
1.155339002609252930e+00
1.161382079124450684e+00
1.157675981521606445e+00
1.162606716156005859e+00
1.160424828529357910e+00
1.164743781089782715e+00
1.164788365364074707e+00
1.162097454071044922e+00
1.163203835487365723e+00
1.169441819190979004e+00
1.166910409927368164e+00
1.165942430496215820e+00
1.162326216697692871e+00
1.161057233810424805e+00
1.160491585731506348e+00
1.160955190658569336e+00
1.160551667213439941e+00
1.164542198181152344e+00
1.172723531723022461e+00
1.169314980506896973e+00
1.170200109481811523e+00
1.167708396911621094e+00
1.167791128158569336e+00
1.164363026618957520e+00
1.167701482772827148e+00
1.167161226272583008e+00
1.171337842941284180e+00
1.168911933898925781e+00
1.163324594497680664e+00
1.164810657501220703e+00
1.165139317512512207e+00
1.165509104728698730e+00
1.163014292716979980e+00
1.164434909820556641e+00
1.160670995712280273e+00
1.163682818412780762e+00
1.162286281585693359e+00
1.166753530502319336e+00
1.166723132133483887e+00
1.162212133407592773e+00
1.163913488388061523e+00
1.165284872055053711e+00
1.166930079460144043e+00
1.165527939796447754e+00
1.165896654129028320e+00
1.161619067192077637e+00
1.157941222190856934e+00
1.164212822914123535e+00
1.166532754898071289e+00
1.167111515998840332e+00
1.157616257667541504e+00
1.162719845771789551e+00
1.164644956588745117e+00
1.160100579261779785e+00
1.158832430839538574e+00
1.158377647399902344e+00
1.155641078948974609e+00
1.154799342155456543e+00
1.154259085655212402e+00
1.155928969383239746e+00
1.154844403266906738e+00
1.154504418373107910e+00
1.150637030601501465e+00
1.152544021606445312e+00
1.156038165092468262e+00
1.154094099998474121e+00
1.154639959335327148e+00
1.153016328811645508e+00
1.153860569000244141e+00
1.153082370758056641e+00
1.152979016304016113e+00
1.151878714561462402e+00
1.151248574256896973e+00
1.150910377502441406e+00
1.153314828872680664e+00
1.157476782798767090e+00
1.162326455116271973e+00
1.158965110778808594e+00
1.160781383514404297e+00
1.163950085639953613e+00
1.164979219436645508e+00
1.169515252113342285e+00
1.167087912559509277e+00
1.165071606636047363e+00
1.156170725822448730e+00
1.153479695320129395e+00
1.157606720924377441e+00
1.154202818870544434e+00
1.145543098449707031e+00
1.146645426750183105e+00
1.150270223617553711e+00
1.147618412971496582e+00
1.150796413421630859e+00
1.148125529289245605e+00
1.145185947418212891e+00
1.141670823097229004e+00
1.147203207015991211e+00
1.143967032432556152e+00
1.144274234771728516e+00
1.149559974670410156e+00
1.148156523704528809e+00
1.147628188133239746e+00
1.152098655700683594e+00
1.148184537887573242e+00
1.145668506622314453e+00
1.152246475219726562e+00
1.153778433799743652e+00
1.153454184532165527e+00
1.152048230171203613e+00
1.143122673034667969e+00
1.148404717445373535e+00
1.147449970245361328e+00
1.146895170211791992e+00
1.147581458091735840e+00
1.152692675590515137e+00
1.156193375587463379e+00
1.158415555953979492e+00
1.162902355194091797e+00
1.162402987480163574e+00
1.164967775344848633e+00
1.164914369583129883e+00
1.165991425514221191e+00
1.165274620056152344e+00
1.165592074394226074e+00
1.165206074714660645e+00
1.160468339920043945e+00
1.163169860839843750e+00
1.159384250640869141e+00
1.155338168144226074e+00
1.154422760009765625e+00
1.152212023735046387e+00
1.153501868247985840e+00
1.151381850242614746e+00
1.146639466285705566e+00
1.143248677253723145e+00
1.141011357307434082e+00
1.143933057785034180e+00
1.145146012306213379e+00
1.146663784980773926e+00
1.147339463233947754e+00
1.149897098541259766e+00
1.149623036384582520e+00
1.153571724891662598e+00
1.155779719352722168e+00
1.158327460289001465e+00
1.156969189643859863e+00
1.155139923095703125e+00
1.149340152740478516e+00
1.145658135414123535e+00
1.149945378303527832e+00
1.149886131286621094e+00
1.152096629142761230e+00
1.152958512306213379e+00
1.150133132934570312e+00
1.150071501731872559e+00
1.144410610198974609e+00
1.141347408294677734e+00
1.147470951080322266e+00
1.145336031913757324e+00
1.149965167045593262e+00
1.149969577789306641e+00
1.147612214088439941e+00
1.150090575218200684e+00
1.152523756027221680e+00
1.153054952621459961e+00
1.149632930755615234e+00
1.153440237045288086e+00
1.154699683189392090e+00
1.156912565231323242e+00
1.154130458831787109e+00
1.155847072601318359e+00
1.154368996620178223e+00
1.151607632637023926e+00
1.154019951820373535e+00
1.151093482971191406e+00
1.155124545097351074e+00
1.161231279373168945e+00
1.159067749977111816e+00
1.164534926414489746e+00
1.160540938377380371e+00
1.160821318626403809e+00
1.159813284873962402e+00
1.158727645874023438e+00
1.152994751930236816e+00
1.151572585105895996e+00
1.153639912605285645e+00
1.151130199432373047e+00
1.150772571563720703e+00
1.151592850685119629e+00
1.152838110923767090e+00
1.152773261070251465e+00
1.152273178100585938e+00
1.154475450515747070e+00
1.155802369117736816e+00
1.159398436546325684e+00
1.160047531127929688e+00
1.164240360260009766e+00
1.160786390304565430e+00
1.161201238632202148e+00
1.161219835281372070e+00
1.157929301261901855e+00
1.158184528350830078e+00
1.159881591796875000e+00
1.157257080078125000e+00
1.156755685806274414e+00
1.156604409217834473e+00
1.156339526176452637e+00
1.155879616737365723e+00
1.156216025352478027e+00
1.152029871940612793e+00
1.153193593025207520e+00
1.149611592292785645e+00
1.154602527618408203e+00
1.153042793273925781e+00
1.158156633377075195e+00
1.158256292343139648e+00
1.155096292495727539e+00
1.153945803642272949e+00
1.154125690460205078e+00
1.161026120185852051e+00
1.160610437393188477e+00
1.162910580635070801e+00
1.163068652153015137e+00
1.161245584487915039e+00
1.163699626922607422e+00
1.163672685623168945e+00
1.163591027259826660e+00
1.164737343788146973e+00
1.162125587463378906e+00
1.161030769348144531e+00
1.160206317901611328e+00
1.158837437629699707e+00
1.159018874168395996e+00
1.155113220214843750e+00
1.156042695045471191e+00
1.157181859016418457e+00
1.159068107604980469e+00
1.158200979232788086e+00
1.163069248199462891e+00
1.167707204818725586e+00
1.164515018463134766e+00
1.163075923919677734e+00
1.163950204849243164e+00
1.165003061294555664e+00
1.165515065193176270e+00
1.166121959686279297e+00
1.163892030715942383e+00
1.158015847206115723e+00
1.159329056739807129e+00
1.161779642105102539e+00
1.159688949584960938e+00
1.156651377677917480e+00
1.159989953041076660e+00
1.156128406524658203e+00
1.158002853393554688e+00
1.158038020133972168e+00
1.157047629356384277e+00
1.153901815414428711e+00
1.150234580039978027e+00
1.154662728309631348e+00
1.153178334236145020e+00
1.149899601936340332e+00
1.154320240020751953e+00
1.156591892242431641e+00
1.157760858535766602e+00
1.162934303283691406e+00
1.160416126251220703e+00
1.155794739723205566e+00
1.154166340827941895e+00
1.155269384384155273e+00
1.154333591461181641e+00
1.153106808662414551e+00
1.161528468132019043e+00
1.159772992134094238e+00
1.161868572235107422e+00
1.157240152359008789e+00
1.160183906555175781e+00
1.163621306419372559e+00
1.158954262733459473e+00
1.162183880805969238e+00
1.159711718559265137e+00
1.163138628005981445e+00
1.157391190528869629e+00
1.154741525650024414e+00
1.154981374740600586e+00
1.159282922744750977e+00
1.162016987800598145e+00
1.161106824874877930e+00
1.159602165222167969e+00
1.158297896385192871e+00
1.159773945808410645e+00
1.159090518951416016e+00
1.162602782249450684e+00
1.165195703506469727e+00
1.167305588722229004e+00
1.163582682609558105e+00
1.169625878334045410e+00
1.169301390647888184e+00
1.168499112129211426e+00
1.167102098464965820e+00
1.166013002395629883e+00
1.162319183349609375e+00
1.164114952087402344e+00
1.163070559501647949e+00
1.168318629264831543e+00
1.168109416961669922e+00
1.168374538421630859e+00
1.165597081184387207e+00
1.159818649291992188e+00
1.156533956527709961e+00
1.155796408653259277e+00
1.158700466156005859e+00
1.160125613212585449e+00
1.158996462821960449e+00
1.161732554435729980e+00
1.161413788795471191e+00
1.157311320304870605e+00
1.156790494918823242e+00
1.153347849845886230e+00
1.153001546859741211e+00
1.149688601493835449e+00
1.152328252792358398e+00
1.156536221504211426e+00
1.157446265220642090e+00
1.156302690505981445e+00
1.151366710662841797e+00
1.152652382850646973e+00
1.156158566474914551e+00
1.153679132461547852e+00
1.155794739723205566e+00
1.157329440116882324e+00
1.156353235244750977e+00
1.155083298683166504e+00
1.153149604797363281e+00
1.149254560470581055e+00
1.148934602737426758e+00
1.149836540222167969e+00
1.147162199020385742e+00
1.143977165222167969e+00
1.149170041084289551e+00
1.146800637245178223e+00
1.146853923797607422e+00
1.143617868423461914e+00
1.140660166740417480e+00
1.142716765403747559e+00
1.141226410865783691e+00
1.145510673522949219e+00
1.146924495697021484e+00
1.145726442337036133e+00
1.150454521179199219e+00
1.150985956192016602e+00
1.148685216903686523e+00
1.147184610366821289e+00
1.142781615257263184e+00
1.142574906349182129e+00
1.145093917846679688e+00
1.145068764686584473e+00
1.148956060409545898e+00
1.147992372512817383e+00
1.145792722702026367e+00
1.142922759056091309e+00
1.145459651947021484e+00
1.143358230590820312e+00
1.144641518592834473e+00
1.142879247665405273e+00
1.139532923698425293e+00
1.141178131103515625e+00
1.138450503349304199e+00
1.139613986015319824e+00
1.145772814750671387e+00
1.146061778068542480e+00
1.143860101699829102e+00
1.143475413322448730e+00
1.138901472091674805e+00
1.138892412185668945e+00
1.134587049484252930e+00
1.134541034698486328e+00
1.132383465766906738e+00
1.134597778320312500e+00
1.139372348785400391e+00
1.139157056808471680e+00
1.139429688453674316e+00
1.142750978469848633e+00
1.137309789657592773e+00
1.137315511703491211e+00
1.137179017066955566e+00
1.136381030082702637e+00
1.131802082061767578e+00
1.132390260696411133e+00
1.138256430625915527e+00
1.134095430374145508e+00
1.136233448982238770e+00
1.136420488357543945e+00
1.138042449951171875e+00
1.143642306327819824e+00
1.138048648834228516e+00
1.138687610626220703e+00
1.139744281768798828e+00
1.139605522155761719e+00
1.133751511573791504e+00
1.136623620986938477e+00
1.138294219970703125e+00
1.137598156929016113e+00
1.138886809349060059e+00
1.140113353729248047e+00
1.137140989303588867e+00
1.135983705520629883e+00
1.135013937950134277e+00
1.139558792114257812e+00
1.140858769416809082e+00
1.136193275451660156e+00
1.134909987449645996e+00
1.136245131492614746e+00
1.136739373207092285e+00
1.138086915016174316e+00
1.142005562782287598e+00
1.139011859893798828e+00
1.139184236526489258e+00
1.142782688140869141e+00
1.145058631896972656e+00
1.146189808845520020e+00
1.143511652946472168e+00
1.141201019287109375e+00
1.141424894332885742e+00
1.142124533653259277e+00
1.139973759651184082e+00
1.138575196266174316e+00
1.136278033256530762e+00
1.132400989532470703e+00
1.134051918983459473e+00
1.137178540229797363e+00
1.136343955993652344e+00
1.135962128639221191e+00
1.131443977355957031e+00
1.131195902824401855e+00
1.135302901268005371e+00
1.137862563133239746e+00
1.135062336921691895e+00
1.137829422950744629e+00
1.133955955505371094e+00
1.135616540908813477e+00
1.138720393180847168e+00
1.138475179672241211e+00
1.141094446182250977e+00
1.149405121803283691e+00
1.151081562042236328e+00
1.148224234580993652e+00
1.151382565498352051e+00
1.152362585067749023e+00
1.149302959442138672e+00
1.150790333747863770e+00
1.145208358764648438e+00
1.146915555000305176e+00
1.150979042053222656e+00
1.152176380157470703e+00
1.156078934669494629e+00
1.155485153198242188e+00
1.156829118728637695e+00
1.152846813201904297e+00
1.150352835655212402e+00
1.146311163902282715e+00
1.148471355438232422e+00
1.149145126342773438e+00
1.150201082229614258e+00
1.147687673568725586e+00
1.147641658782958984e+00
1.146319508552551270e+00
1.147647261619567871e+00
1.152098774909973145e+00
1.145796298980712891e+00
1.146360993385314941e+00
1.149287462234497070e+00
1.154604315757751465e+00
1.158244252204895020e+00
1.159066796302795410e+00
1.161958217620849609e+00
1.165938138961791992e+00
1.162047982215881348e+00
1.159960627555847168e+00
1.161074638366699219e+00
1.161892414093017578e+00
1.160647392272949219e+00
1.160134196281433105e+00
1.158260822296142578e+00
1.154981374740600586e+00
1.156803011894226074e+00
1.154027938842773438e+00
1.155891895294189453e+00
1.155831694602966309e+00
1.150603532791137695e+00
1.152466535568237305e+00
1.150369882583618164e+00
1.153743147850036621e+00
1.153206467628479004e+00
1.153236865997314453e+00
1.157405018806457520e+00
1.157854080200195312e+00
1.160033583641052246e+00
1.156319856643676758e+00
1.154479622840881348e+00
1.155557036399841309e+00
1.158187866210937500e+00
1.160179018974304199e+00
1.164688229560852051e+00
1.160434126853942871e+00
