2.769597816467285156e+01 3.091513824462890625e+01 2.959676551818847656e+01 2.926557922363281250e+01 2.752918243408203125e+01 3.095647811889648438e+01 4.515600585937500000e+01 4.540393066406250000e+01 4.287247848510742188e+01 4.361047744750976562e+01 5.599591827392578125e+01 5.340824890136718750e+01 6.593828582763671875e+01 6.187516403198242188e+01 7.657756805419921875e+01 8.081862640380859375e+01 9.716681671142578125e+01 1.156486892700195312e+02 1.397734222412109375e+02 1.739443054199218750e+02 2.232410430908203125e+02 3.013944396972656250e+02
4.642990493774414062e+01 4.327967071533203125e+01 4.158773803710937500e+01 3.813961410522460938e+01 3.380293273925781250e+01 3.681358718872070312e+01 2.563317298889160156e+01 2.747869300842285156e+01 3.081325149536132812e+01 3.530526351928710938e+01 3.129885292053222656e+01 3.240542602539062500e+01 4.332112503051757812e+01 4.459849929809570312e+01 5.146202850341796875e+01 6.395321655273437500e+01 7.230602264404296875e+01 8.968940734863281250e+01 1.082842025756835938e+02 1.353085021972656250e+02 1.761549530029296875e+02 2.365136413574218750e+02
4.980973434448242188e+01 4.356795883178710938e+01 4.465466308593750000e+01 4.655952453613281250e+01 5.014074325561523438e+01 4.544580459594726562e+01 4.438268661499023438e+01 6.111804962158203125e+01 4.175726318359375000e+01 3.594629287719726562e+01 4.253365707397460938e+01 4.007203292846679688e+01 4.870730972290039062e+01 4.525161361694335938e+01 4.946254730224609375e+01 5.355291366577148438e+01 6.284215927124023438e+01 7.202824401855468750e+01 8.490120697021484375e+01 1.064645080566406250e+02 1.338810272216796875e+02 1.792997589111328125e+02
4.047739410400390625e+01 4.624713516235351562e+01 4.285750579833984375e+01 4.043732833862304688e+01 3.897878646850585938e+01 3.537954711914062500e+01 3.752064514160156250e+01 3.136054992675781250e+01 3.630983734130859375e+01 3.635910034179687500e+01 3.994644546508789062e+01 2.650786209106445312e+01 3.975489044189453125e+01 2.975355720520019531e+01 3.308822250366210938e+01 3.638079833984375000e+01 4.203314208984375000e+01 5.074255371093750000e+01 6.243080902099609375e+01 7.870679473876953125e+01 1.032524642944335938e+02 1.398223114013671875e+02
3.984954452514648438e+01 3.631972122192382812e+01 3.433539581298828125e+01 3.051218605041503906e+01 2.780791091918945312e+01 2.237914657592773438e+01 2.496111679077148438e+01 2.412921905517578125e+01 2.054099655151367188e+01 2.310018157958984375e+01 2.146320724487304688e+01 2.104989814758300781e+01 2.352304458618164062e+01 2.425941085815429688e+01 2.565237808227539062e+01 2.848621177673339844e+01 3.401105499267578125e+01 3.811651992797851562e+01 4.636243057250976562e+01 5.822469329833984375e+01 7.514398193359375000e+01 1.025801162719726562e+02
3.727647018432617188e+01 3.527041244506835938e+01 3.431743621826171875e+01 3.030661010742187500e+01 2.735735130310058594e+01 2.847260665893554688e+01 2.490396118164062500e+01 2.323240089416503906e+01 2.328269004821777344e+01 2.117894554138183594e+01 2.062121963500976562e+01 2.021404457092285156e+01 2.010206985473632812e+01 2.050803565979003906e+01 2.243115425109863281e+01 2.285647583007812500e+01 2.542989921569824219e+01 2.922792816162109375e+01 3.544708633422851562e+01 4.448564529418945312e+01 5.829921340942382812e+01 8.036537170410156250e+01
4.036063003540039062e+01 3.707772445678710938e+01 3.481319046020507812e+01 3.222318649291992188e+01 2.969042396545410156e+01 2.765575599670410156e+01 2.582231712341308594e+01 2.433121681213378906e+01 2.298182868957519531e+01 2.182266616821289062e+01 2.058218765258789062e+01 2.024333000183105469e+01 1.918835449218750000e+01 1.955362701416015625e+01 1.992512130737304688e+01 2.007324409484863281e+01 2.115522575378417969e+01 2.442858505249023438e+01 2.765927886962890625e+01 3.355801391601562500e+01 4.296393585205078125e+01 5.865339660644531250e+01
4.349262237548828125e+01 4.026666641235351562e+01 3.738275527954101562e+01 3.497020721435546875e+01 3.233324050903320312e+01 3.017730140686035156e+01 2.838706398010253906e+01 2.646758651733398438e+01 2.489260292053222656e+01 2.356098937988281250e+01 2.252357292175292969e+01 2.080457878112792969e+01 2.000886726379394531e+01 1.981353759765625000e+01 1.933656120300292969e+01 1.896364021301269531e+01 1.941061401367187500e+01 2.075793266296386719e+01 2.347303962707519531e+01 2.749790191650390625e+01 3.461497497558593750e+01 4.696354675292968750e+01
3.543974685668945312e+01 3.276061630249023438e+01 2.692658042907714844e+01 2.299365806579589844e+01 1.983073806762695312e+01 1.949997901916503906e+01 1.658415603637695312e+01 1.652568817138671875e+01 1.563230323791503906e+01 1.338875770568847656e+01 1.272298240661621094e+01 1.262971019744873047e+01 1.192762660980224609e+01 1.173835659027099609e+01 1.169490337371826172e+01 1.157226943969726562e+01 1.188287734985351562e+01 1.340305423736572266e+01 1.495806789398193359e+01 1.824258041381835938e+01 2.312588500976562500e+01 3.222290420532226562e+01
3.481135559082031250e+01 3.226303100585937500e+01 2.969669342041015625e+01 2.719809913635253906e+01 2.465532684326171875e+01 2.254847908020019531e+01 2.064280509948730469e+01 1.902154922485351562e+01 1.776087760925292969e+01 1.651945686340332031e+01 1.515668392181396484e+01 1.442695522308349609e+01 1.317651176452636719e+01 1.282835865020751953e+01 1.269588565826416016e+01 1.199883174896240234e+01 1.203976821899414062e+01 1.220933628082275391e+01 1.352217388153076172e+01 1.498851966857910156e+01 1.845087051391601562e+01 2.498140144348144531e+01
3.912879943847656250e+01 3.630714416503906250e+01 3.129939079284667969e+01 3.014154243469238281e+01 2.691708755493164062e+01 2.433438110351562500e+01 2.264837074279785156e+01 2.095978355407714844e+01 1.888354301452636719e+01 1.688608932495117188e+01 1.548454952239990234e+01 1.450636482238769531e+01 1.338831901550292969e+01 1.228538703918457031e+01 1.155937099456787109e+01 1.102998065948486328e+01 1.133346366882324219e+01 1.137620639801025391e+01 1.151144218444824219e+01 1.262834453582763672e+01 1.526302528381347656e+01 2.000590324401855469e+01
4.288141632080078125e+01 3.806551361083984375e+01 3.357022857666015625e+01 3.076028442382812500e+01 2.830941963195800781e+01 2.607044219970703125e+01 2.562204933166503906e+01 2.360901260375976562e+01 2.151531028747558594e+01 1.856788444519042969e+01 1.739863586425781250e+01 1.753646850585937500e+01 1.643188285827636719e+01 1.408691501617431641e+01 1.301464748382568359e+01 1.260087776184082031e+01 1.305597591400146484e+01 1.274912929534912109e+01 1.193669891357421875e+01 1.229628849029541016e+01 1.344487762451171875e+01 1.663440704345703125e+01
3.525778961181640625e+01 3.243019485473632812e+01 2.898623466491699219e+01 2.638570785522460938e+01 2.378928375244140625e+01 2.207922554016113281e+01 1.971703338623046875e+01 1.753374099731445312e+01 1.610843658447265625e+01 1.443640613555908203e+01 1.317999649047851562e+01 1.189344310760498047e+01 1.082635402679443359e+01 9.961605072021484375e+00 8.770744323730468750e+00 8.029218673706054688e+00 8.086600303649902344e+00 7.681193351745605469e+00 7.706184864044189453e+00 7.912159919738769531e+00 9.680877685546875000e+00 1.233585453033447266e+01
4.074023818969726562e+01 3.710158538818359375e+01 3.405508804321289062e+01 3.128840065002441406e+01 2.852505874633789062e+01 2.644239425659179688e+01 2.414392471313476562e+01 2.221020317077636719e+01 2.035366249084472656e+01 1.862393569946289062e+01 1.754381179809570312e+01 1.605416107177734375e+01 1.472028350830078125e+01 1.373663997650146484e+01 1.278203296661376953e+01 1.199111175537109375e+01 1.136165904998779297e+01 1.101662731170654297e+01 1.054113960266113281e+01 1.054527187347412109e+01 1.105187320709228516e+01 1.269057559967041016e+01
3.830603408813476562e+01 3.468976974487304688e+01 3.213981628417968750e+01 3.145982933044433594e+01 2.865583992004394531e+01 2.461412429809570312e+01 2.241142463684082031e+01 2.056666374206542969e+01 2.160673522949218750e+01 1.811487770080566406e+01 1.671717643737792969e+01 1.473324394226074219e+01 1.368712520599365234e+01 1.265042018890380859e+01 1.174895763397216797e+01 1.086800956726074219e+01 9.947147369384765625e+00 9.862062454223632812e+00 8.958621025085449219e+00 8.483101844787597656e+00 8.401049613952636719e+00 9.133848190307617188e+00
3.792300033569335938e+01 3.437807083129882812e+01 3.125321388244628906e+01 2.814900016784667969e+01 2.663782882690429688e+01 2.500923728942871094e+01 2.086227416992187500e+01 1.899262237548828125e+01 1.794897651672363281e+01 1.574638748168945312e+01 1.437150001525878906e+01 1.320262718200683594e+01 1.209613800048828125e+01 1.142166137695312500e+01 1.041803932189941406e+01 9.497673034667968750e+00 8.902694702148437500e+00 9.012032508850097656e+00 8.785184860229492188e+00 7.911710739135742188e+00 8.359304428100585938e+00 9.648196220397949219e+00
6.005389785766601562e+01 5.694219207763671875e+01 5.140387725830078125e+01 4.605474090576171875e+01 4.129170227050781250e+01 3.910303115844726562e+01 3.522539138793945312e+01 3.044969177246093750e+01 2.768523788452148438e+01 2.517056465148925781e+01 2.374756622314453125e+01 2.127963447570800781e+01 1.901037979125976562e+01 1.759000205993652344e+01 1.701129722595214844e+01 1.461719703674316406e+01 1.341500282287597656e+01 1.248407936096191406e+01 1.106253147125244141e+01 1.138770294189453125e+01 1.101519870758056641e+01 1.113183307647705078e+01
