1.681308746337890625e+01 1.500132083892822266e+01 1.353011322021484375e+01 1.271832370758056641e+01 1.175675201416015625e+01 1.135770320892333984e+01 1.123554706573486328e+01 1.076467704772949219e+01 1.144586372375488281e+01 1.266184425354003906e+01 1.661194038391113281e+01 2.752358436584472656e+01 6.600971221923828125e+01 2.460399780273437500e+02 6.293637084960937500e+02 7.598970336914062500e+02 7.486971435546875000e+02 6.664968261718750000e+02 6.229610595703125000e+02 5.558866577148437500e+02 5.002795104980468750e+02 4.479343566894531250e+02
1.972596549987792969e+01 1.774958038330078125e+01 1.670919609069824219e+01 1.467643451690673828e+01 1.154583740234375000e+01 1.256659507751464844e+01 1.059462833404541016e+01 9.489780426025390625e+00 9.375827789306640625e+00 9.268492698669433594e+00 9.712669372558593750e+00 1.185747337341308594e+01 1.636966896057128906e+01 2.733262252807617188e+01 7.226358795166015625e+01 3.003345336914062500e+02 6.542402954101562500e+02 7.580921630859375000e+02 7.302169799804687500e+02 6.960683593750000000e+02 6.278037109375000000e+02 5.675631103515625000e+02
1.760629272460937500e+01 1.606265068054199219e+01 1.466276645660400391e+01 1.338966655731201172e+01 1.198355865478515625e+01 1.091869926452636719e+01 1.024584388732910156e+01 9.469564437866210938e+00 8.792160987854003906e+00 8.433837890625000000e+00 8.446219444274902344e+00 8.846611976623535156e+00 9.888901710510253906e+00 1.246735954284667969e+01 1.829906272888183594e+01 3.636590194702148438e+01 1.445837249755859375e+02 5.313567504882812500e+02 7.467660522460937500e+02 7.938510742187500000e+02 7.712071533203125000e+02 6.880827026367187500e+02
1.582179927825927734e+01 1.512536048889160156e+01 1.357692432403564453e+01 1.138615989685058594e+01 1.084359645843505859e+01 9.727378845214843750e+00 8.647287368774414062e+00 7.849591732025146484e+00 6.643786907196044922e+00 6.556046009063720703e+00 5.717507839202880859e+00 5.322813987731933594e+00 5.557763576507568359e+00 6.239495754241943359e+00 8.139034271240234375e+00 1.260627651214599609e+01 2.946725463867187500e+01 1.864264831542968750e+02 6.162278442382812500e+02 8.354544677734375000e+02 8.630364990234375000e+02 8.310247802734375000e+02
1.630142402648925781e+01 1.544374942779541016e+01 1.299891185760498047e+01 1.223423290252685547e+01 1.107849693298339844e+01 9.965950012207031250e+00 9.081935882568359375e+00 8.076884269714355469e+00 7.839763164520263672e+00 7.298991203308105469e+00 7.077484607696533203e+00 6.748205184936523438e+00 7.127968788146972656e+00 7.438426971435546875e+00 8.641158103942871094e+00 1.051034069061279297e+01 1.572888278961181641e+01 6.805209350585937500e+01 5.984273071289062500e+02 9.351231689453125000e+02 1.007122436523437500e+03 9.934822998046875000e+02
1.652890014648437500e+01 1.472117328643798828e+01 1.238530731201171875e+01 1.133856678009033203e+01 9.919089317321777344e+00 9.022817611694335938e+00 7.826886653900146484e+00 6.970958709716796875e+00 6.253331661224365234e+00 5.869202613830566406e+00 5.606475830078125000e+00 4.933704853057861328e+00 4.643601894378662109e+00 4.577710151672363281e+00 4.897530078887939453e+00 5.284526824951171875e+00 7.560433387756347656e+00 2.827355957031250000e+01 7.159382324218750000e+02 1.201491943359375000e+03 1.298440551757812500e+03 1.293449218750000000e+03
1.576406002044677734e+01 1.416178417205810547e+01 1.341421508789062500e+01 1.157998085021972656e+01 1.007831192016601562e+01 8.966103553771972656e+00 8.551731109619140625e+00 7.289805412292480469e+00 6.899857044219970703e+00 6.330018043518066406e+00 5.631070137023925781e+00 5.337587833404541016e+00 5.141407966613769531e+00 5.559179782867431641e+00 5.617418766021728516e+00 6.753606796264648438e+00 7.981172561645507812e+00 1.853285026550292969e+01 1.006244689941406250e+03 1.596553344726562500e+03 1.757475708007812500e+03 1.699144775390625000e+03
1.566272735595703125e+01 1.382385063171386719e+01 1.256523513793945312e+01 1.139736270904541016e+01 9.895453453063964844e+00 8.619690895080566406e+00 8.022172927856445312e+00 7.304651737213134766e+00 6.217520236968994141e+00 6.029395580291748047e+00 5.298576831817626953e+00 5.022033691406250000e+00 5.232232570648193359e+00 5.301593780517578125e+00 5.121846675872802734e+00 6.030196666717529297e+00 7.385156631469726562e+00 1.472858810424804688e+01 1.259999755859375000e+03 2.125299316406250000e+03 2.267822998046875000e+03 2.249267578125000000e+03
1.628784942626953125e+01 1.512224102020263672e+01 1.355196285247802734e+01 1.193947219848632812e+01 1.078085136413574219e+01 9.642215728759765625e+00 8.679150581359863281e+00 7.737648963928222656e+00 6.991227149963378906e+00 6.399134635925292969e+00 5.983809471130371094e+00 5.734487056732177734e+00 5.562344074249267578e+00 5.663898944854736328e+00 5.720874309539794922e+00 6.086752891540527344e+00 6.869122028350830078e+00 1.210652160644531250e+01 1.656179321289062500e+03 2.799390869140625000e+03 3.054705566406250000e+03 3.043030029296875000e+03
1.725418663024902344e+01 1.545707511901855469e+01 1.416327476501464844e+01 1.222681427001953125e+01 1.138301944732666016e+01 1.028294658660888672e+01 8.969706535339355469e+00 8.011242866516113281e+00 7.230722427368164062e+00 6.525292873382568359e+00 6.054201126098632812e+00 5.606734275817871094e+00 5.320194244384765625e+00 5.356644153594970703e+00 5.186829090118408203e+00 5.425025463104248047e+00 5.958525180816650391e+00 1.121035575866699219e+01 1.901196533203125000e+03 3.394233154296875000e+03 3.881180419921875000e+03 3.901724365234375000e+03
1.677375984191894531e+01 1.375868415832519531e+01 1.343445205688476562e+01 1.084744644165039062e+01 1.031368160247802734e+01 9.280116081237792969e+00 7.924764633178710938e+00 7.619606971740722656e+00 7.001072406768798828e+00 6.318146228790283203e+00 5.926384449005126953e+00 6.455000877380371094e+00 6.062870979309082031e+00 6.236567497253417969e+00 6.493105888366699219e+00 7.041402339935302734e+00 7.484845638275146484e+00 1.105973339080810547e+01 2.113103271484375000e+03 3.850942138671875000e+03 4.462111328125000000e+03 4.603852050781250000e+03
1.863562774658203125e+01 1.751288032531738281e+01 1.737313842773437500e+01 1.606952285766601562e+01 1.215736103057861328e+01 1.235167789459228516e+01 1.041076469421386719e+01 9.350142478942871094e+00 8.437481880187988281e+00 7.375032424926757812e+00 7.242481231689453125e+00 7.155295848846435547e+00 7.165309906005859375e+00 7.894520759582519531e+00 8.140908241271972656e+00 8.448405265808105469e+00 9.052894592285156250e+00 1.092269897460937500e+01 2.248915039062500000e+03 4.179806152343750000e+03 4.971037597656250000e+03 5.221386718750000000e+03
3.740058135986328125e+01 3.305653381347656250e+01 2.970632934570312500e+01 2.637882995605468750e+01 2.291242027282714844e+01 1.883994483947753906e+01 1.806960296630859375e+01 1.657445907592773438e+01 1.416098880767822266e+01 1.279590988159179688e+01 1.209319210052490234e+01 1.090276432037353516e+01 1.035499000549316406e+01 9.403949737548828125e+00 1.062948036193847656e+01 1.064105319976806641e+01 1.104736995697021484e+01 1.377434349060058594e+01 2.336903564453125000e+03 4.351811035156250000e+03 5.258023925781250000e+03 5.602240722656250000e+03
3.490739440917968750e+01 3.094928550720214844e+01 2.719362068176269531e+01 2.391201019287109375e+01 2.086676406860351562e+01 1.923363876342773438e+01 1.698492240905761719e+01 1.508166122436523438e+01 1.333714103698730469e+01 1.194828128814697266e+01 1.075227069854736328e+01 1.008510398864746094e+01 9.925568580627441406e+00 1.110335063934326172e+01 1.140740013122558594e+01 1.077352714538574219e+01 1.197935962677001953e+01 1.428062057495117188e+01 2.384200195312500000e+03 4.490692382812500000e+03 5.489162597656250000e+03 5.910551757812500000e+03
4.188116073608398438e+01 3.690254974365234375e+01 3.321461486816406250e+01 3.050568771362304688e+01 2.684765434265136719e+01 2.288251495361328125e+01 2.167024803161621094e+01 1.928003311157226562e+01 1.449609565734863281e+01 1.249317455291748047e+01 1.098282909393310547e+01 9.610883712768554688e+00 8.757990837097167969e+00 9.717697143554687500e+00 1.010505199432373047e+01 1.002866363525390625e+01 1.074610424041748047e+01 1.635876846313476562e+01 2.370697265625000000e+03 4.482261718750000000e+03 5.571239746093750000e+03 6.051246093750000000e+03
6.747573089599609375e+01 6.739835357666015625e+01 5.924497222900390625e+01 5.173521423339843750e+01 4.525609588623046875e+01 4.084806442260742188e+01 3.616381072998046875e+01 3.215464401245117188e+01 2.756504440307617188e+01 2.462487792968750000e+01 2.239805221557617188e+01 2.089993858337402344e+01 2.019058609008789062e+01 1.874732398986816406e+01 1.791341400146484375e+01 1.696847534179687500e+01 1.633131980895996094e+01 1.898372268676757812e+01 2.325031982421875000e+03 4.435258300781250000e+03 5.472215332031250000e+03 6.037359863281250000e+03
6.702488708496093750e+01 5.900634002685546875e+01 5.302784347534179688e+01 4.726990509033203125e+01 4.146001052856445312e+01 3.632390213012695312e+01 3.640300369262695312e+01 2.844964027404785156e+01 2.390651512145996094e+01 2.149606132507324219e+01 1.873840713500976562e+01 1.656913948059082031e+01 1.467233753204345703e+01 1.293321418762207031e+01 1.211114978790283203e+01 1.231464672088623047e+01 1.417789363861083984e+01 3.111111831665039062e+01 2.261511962890625000e+03 4.135654785156250000e+03 5.147901367187500000e+03 5.721115234375000000e+03
