1.231795668601989746e+00
1.241474509239196777e+00
1.252885460853576660e+00
1.232731461524963379e+00
1.232837080955505371e+00
1.263397216796875000e+00
1.254112720489501953e+00
1.270350575447082520e+00
1.273190498352050781e+00
1.261979341506958008e+00
1.263339996337890625e+00
1.279002308845520020e+00
1.275871276855468750e+00
1.269221186637878418e+00
1.275268554687500000e+00
1.272031545639038086e+00
1.266112565994262695e+00
1.271514415740966797e+00
1.281307101249694824e+00
1.262858867645263672e+00
1.271601676940917969e+00
1.278251767158508301e+00
1.291627287864685059e+00
1.278751492500305176e+00
1.266053318977355957e+00
1.279873967170715332e+00
1.268817424774169922e+00
1.283460617065429688e+00
1.263105154037475586e+00
1.284771800041198730e+00
1.268016815185546875e+00
1.286103367805480957e+00
1.281491518020629883e+00
1.285049796104431152e+00
1.281796693801879883e+00
1.278879761695861816e+00
1.301244020462036133e+00
1.293130636215209961e+00
1.299493193626403809e+00
1.280453085899353027e+00
1.272091627120971680e+00
1.284188389778137207e+00
1.281870722770690918e+00
1.289930582046508789e+00
1.292341828346252441e+00
1.282592177391052246e+00
1.298220157623291016e+00
1.278939127922058105e+00
1.290218353271484375e+00
1.291803359985351562e+00
1.269198417663574219e+00
1.300862431526184082e+00
1.279428124427795410e+00
1.300345063209533691e+00
1.292912721633911133e+00
1.302692532539367676e+00
1.279664397239685059e+00
1.273414492607116699e+00
1.284918308258056641e+00
1.279496192932128906e+00
1.310565352439880371e+00
1.302652955055236816e+00
1.273796677589416504e+00
1.271167278289794922e+00
1.279550790786743164e+00
1.278129696846008301e+00
1.299096822738647461e+00
1.274527788162231445e+00
1.301182508468627930e+00
1.289849996566772461e+00
1.307689666748046875e+00
1.272795915603637695e+00
1.269703149795532227e+00
1.285063743591308594e+00
1.274806022644042969e+00
1.274038791656494141e+00
1.272154450416564941e+00
1.274659872055053711e+00
1.284432649612426758e+00
1.286490440368652344e+00
1.301607131958007812e+00
1.272313714027404785e+00
1.298506617546081543e+00
1.282998085021972656e+00
1.319659829139709473e+00
1.289088726043701172e+00
1.290610432624816895e+00
1.311076879501342773e+00
1.313617944717407227e+00
1.309576392173767090e+00
1.291880607604980469e+00
1.295828580856323242e+00
1.297307372093200684e+00
1.300936579704284668e+00
1.307795166969299316e+00
1.292375802993774414e+00
1.311731696128845215e+00
1.286814332008361816e+00
1.304631471633911133e+00
1.290520191192626953e+00
1.280143380165100098e+00
1.290583848953247070e+00
1.275271058082580566e+00
1.306334495544433594e+00
1.279737949371337891e+00
1.279217600822448730e+00
1.284399747848510742e+00
1.255776047706604004e+00
1.287448644638061523e+00
1.267851114273071289e+00
1.272890925407409668e+00
1.262790441513061523e+00
1.281453013420104980e+00
1.269496560096740723e+00
1.300933003425598145e+00
1.291540145874023438e+00
1.299430966377258301e+00
1.281946897506713867e+00
1.289280772209167480e+00
1.285151362419128418e+00
1.257887601852416992e+00
1.277096509933471680e+00
1.297555923461914062e+00
1.282808661460876465e+00
1.293959140777587891e+00
1.274471759796142578e+00
1.288874626159667969e+00
1.265200972557067871e+00
1.258746743202209473e+00
1.281018972396850586e+00
1.267876148223876953e+00
1.277866601943969727e+00
1.299728035926818848e+00
1.294832825660705566e+00
1.274085044860839844e+00
1.279031157493591309e+00
1.306589961051940918e+00
1.278839230537414551e+00
1.298511147499084473e+00
1.295509576797485352e+00
1.291872620582580566e+00
1.272242784500122070e+00
1.272495627403259277e+00
1.265128970146179199e+00
1.276066303253173828e+00
1.294255137443542480e+00
1.296631574630737305e+00
1.256914377212524414e+00
1.264559268951416016e+00
1.294167518615722656e+00
1.298162221908569336e+00
1.283455491065979004e+00
1.265568256378173828e+00
1.309055805206298828e+00
1.297550797462463379e+00
1.289639949798583984e+00
1.280802965164184570e+00
1.272180557250976562e+00
1.256295442581176758e+00
1.283320069313049316e+00
1.287040352821350098e+00
1.288527846336364746e+00
1.279342889785766602e+00
1.295847654342651367e+00
1.282952308654785156e+00
1.286988258361816406e+00
1.308281064033508301e+00
1.314405679702758789e+00
1.319534301757812500e+00
1.302115321159362793e+00
1.291463971138000488e+00
1.304823637008666992e+00
1.301041722297668457e+00
1.284944057464599609e+00
1.271460533142089844e+00
1.275988936424255371e+00
1.287662982940673828e+00
1.267818808555603027e+00
1.280064463615417480e+00
1.301890254020690918e+00
1.304161310195922852e+00
1.310080289840698242e+00
1.271623253822326660e+00
1.282117724418640137e+00
1.297643303871154785e+00
1.292670845985412598e+00
1.306420683860778809e+00
1.293649792671203613e+00
1.276445508003234863e+00
1.295772671699523926e+00
1.291149258613586426e+00
1.290875315666198730e+00
1.302012801170349121e+00
1.303627848625183105e+00
1.299393415451049805e+00
1.278094649314880371e+00
1.285179138183593750e+00
1.299400448799133301e+00
1.292488932609558105e+00
1.297061443328857422e+00
1.309032320976257324e+00
