9.546230435371398926e-01
9.648672342300415039e-01
9.710514545440673828e-01
9.778880476951599121e-01
9.790953993797302246e-01
9.859291911125183105e-01
9.908989071846008301e-01
9.957477450370788574e-01
9.994661808013916016e-01
9.985844492912292480e-01
1.002806901931762695e+00
1.004864811897277832e+00
1.007704257965087891e+00
1.010786771774291992e+00
1.014435172080993652e+00
1.016729235649108887e+00
1.024430990219116211e+00
1.024128198623657227e+00
1.029661059379577637e+00
1.031999349594116211e+00
1.034433126449584961e+00
1.033252358436584473e+00
1.039179682731628418e+00
1.043518900871276855e+00
1.043165802955627441e+00
1.045061349868774414e+00
1.050384759902954102e+00
1.052879810333251953e+00
1.055361866950988770e+00
1.056348562240600586e+00
1.053934454917907715e+00
1.056793808937072754e+00
1.054368972778320312e+00
1.053694009780883789e+00
1.056982517242431641e+00
1.057319521903991699e+00
1.061139464378356934e+00
1.065014839172363281e+00
1.067030906677246094e+00
1.069112777709960938e+00
1.070918798446655273e+00
1.066545248031616211e+00
1.067719459533691406e+00
1.072217226028442383e+00
1.073572993278503418e+00
1.072353959083557129e+00
1.071987748146057129e+00
1.072867512702941895e+00
1.070263981819152832e+00
1.072803139686584473e+00
1.068575143814086914e+00
1.070931434631347656e+00
1.073589682579040527e+00
1.074780464172363281e+00
1.076823949813842773e+00
1.078249573707580566e+00
1.081391096115112305e+00
1.082849621772766113e+00
1.080303668975830078e+00
1.084173798561096191e+00
1.088600158691406250e+00
1.091836452484130859e+00
1.095215439796447754e+00
1.097358703613281250e+00
1.099994540214538574e+00
1.105881452560424805e+00
1.105871915817260742e+00
1.105247974395751953e+00
1.102826476097106934e+00
1.104704618453979492e+00
1.105583906173706055e+00
1.106152653694152832e+00
1.107932925224304199e+00
1.113650321960449219e+00
1.116343498229980469e+00
1.119049191474914551e+00
1.117168188095092773e+00
1.123036146163940430e+00
1.122358441352844238e+00
1.124004960060119629e+00
1.121450662612915039e+00
1.122980713844299316e+00
1.124383091926574707e+00
1.124184727668762207e+00
1.124117612838745117e+00
1.124385476112365723e+00
1.127359151840209961e+00
1.130828499794006348e+00
1.132390618324279785e+00
1.133714675903320312e+00
1.129555940628051758e+00
1.124274134635925293e+00
1.121443510055541992e+00
1.120501160621643066e+00
1.113669037818908691e+00
1.114433288574218750e+00
1.114895820617675781e+00
1.115410327911376953e+00
1.113503098487854004e+00
1.118410706520080566e+00
1.118109226226806641e+00
1.117875933647155762e+00
1.121021986007690430e+00
1.124475240707397461e+00
1.121213555335998535e+00
1.120493769645690918e+00
1.118296027183532715e+00
1.119991540908813477e+00
1.121356248855590820e+00
1.125880241394042969e+00
1.129252195358276367e+00
1.129739880561828613e+00
1.130514144897460938e+00
1.130413293838500977e+00
1.130936384201049805e+00
1.135317206382751465e+00
1.136486291885375977e+00
1.139269590377807617e+00
1.141495823860168457e+00
1.142603039741516113e+00
1.143990159034729004e+00
1.143237948417663574e+00
1.147369503974914551e+00
1.147219657897949219e+00
1.149375319480895996e+00
1.146575212478637695e+00
1.142908453941345215e+00
1.145785927772521973e+00
1.145352959632873535e+00
1.145110368728637695e+00
1.146109580993652344e+00
1.145887613296508789e+00
1.148118734359741211e+00
1.150095224380493164e+00
1.151283979415893555e+00
1.149063944816589355e+00
1.151432752609252930e+00
1.154261350631713867e+00
1.150439739227294922e+00
1.148853182792663574e+00
1.150233030319213867e+00
1.155019402503967285e+00
1.158622622489929199e+00
1.160955071449279785e+00
1.162529945373535156e+00
1.155530810356140137e+00
1.156004428863525391e+00
1.153764843940734863e+00
1.155483961105346680e+00
1.154291391372680664e+00
1.155143857002258301e+00
1.158435702323913574e+00
1.156412124633789062e+00
1.159769177436828613e+00
1.164591789245605469e+00
1.163180708885192871e+00
1.162386655807495117e+00
1.163753628730773926e+00
1.162592411041259766e+00
1.167284250259399414e+00
1.165771484375000000e+00
1.169276118278503418e+00
1.166386365890502930e+00
1.168127536773681641e+00
1.167626142501831055e+00
1.167576789855957031e+00
1.166086435317993164e+00
1.172149300575256348e+00
1.176829099655151367e+00
1.178111672401428223e+00
1.175929784774780273e+00
1.177919983863830566e+00
1.176141381263732910e+00
1.177156686782836914e+00
1.178059816360473633e+00
1.180557131767272949e+00
1.177046656608581543e+00
1.180102944374084473e+00
1.183061718940734863e+00
1.187637686729431152e+00
1.186445236206054688e+00
1.187031507492065430e+00
1.189077019691467285e+00
1.189882755279541016e+00
1.190210103988647461e+00
1.190959930419921875e+00
1.187635183334350586e+00
1.187457680702209473e+00
1.182774662971496582e+00
1.180094599723815918e+00
1.179139852523803711e+00
1.180276632308959961e+00
1.180483102798461914e+00
1.182252645492553711e+00
1.185783505439758301e+00
1.186267852783203125e+00
1.187382102012634277e+00
1.184643745422363281e+00
1.187948465347290039e+00
1.190045356750488281e+00
1.190063714981079102e+00
1.193069815635681152e+00
1.194061160087585449e+00
1.194990515708923340e+00
1.193091988563537598e+00
1.190881729125976562e+00
1.188528537750244141e+00
1.193487524986267090e+00
1.189132332801818848e+00
1.190790176391601562e+00
1.186835527420043945e+00
1.183701276779174805e+00
1.181666612625122070e+00
1.180653929710388184e+00
1.182561755180358887e+00
1.184250712394714355e+00
1.186219453811645508e+00
1.186696410179138184e+00
1.187669157981872559e+00
1.185256838798522949e+00
1.183558702468872070e+00
1.182940602302551270e+00
1.188309192657470703e+00
1.187344074249267578e+00
1.184138298034667969e+00
1.188672184944152832e+00
1.186691403388977051e+00
1.184888601303100586e+00
1.185070276260375977e+00
1.186357736587524414e+00
1.187859296798706055e+00
1.187399506568908691e+00
1.188735961914062500e+00
1.189248561859130859e+00
1.193769454956054688e+00
1.188004136085510254e+00
1.193541049957275391e+00
1.194700598716735840e+00
1.194414854049682617e+00
1.196225881576538086e+00
1.197621107101440430e+00
1.194825649261474609e+00
1.193219065666198730e+00
1.190461158752441406e+00
1.189063549041748047e+00
1.190530300140380859e+00
1.188524603843688965e+00
1.188112735748291016e+00
1.191482424736022949e+00
1.194609165191650391e+00
1.195384740829467773e+00
1.199596762657165527e+00
1.195370316505432129e+00
1.192637920379638672e+00
1.192638993263244629e+00
1.189380407333374023e+00
1.190363407135009766e+00
1.193275690078735352e+00
1.190701246261596680e+00
1.192483782768249512e+00
1.191887617111206055e+00
1.189822673797607422e+00
1.187706232070922852e+00
1.184298634529113770e+00
1.184363603591918945e+00
1.185089111328125000e+00
1.189210891723632812e+00
1.193775057792663574e+00
1.197274923324584961e+00
1.191125869750976562e+00
1.191463708877563477e+00
1.194716930389404297e+00
1.194254517555236816e+00
1.194994091987609863e+00
1.195668697357177734e+00
1.196430683135986328e+00
1.196882128715515137e+00
1.195348262786865234e+00
1.194718718528747559e+00
1.199188828468322754e+00
1.197960495948791504e+00
1.194809198379516602e+00
1.194556951522827148e+00
1.191547751426696777e+00
1.192196846008300781e+00
1.195629239082336426e+00
1.197402000427246094e+00
1.193376898765563965e+00
1.197358608245849609e+00
1.200452566146850586e+00
1.202958583831787109e+00
1.203990936279296875e+00
1.203591823577880859e+00
1.199560403823852539e+00
1.200207352638244629e+00
1.198424816131591797e+00
1.195590972900390625e+00
1.194570422172546387e+00
1.195403575897216797e+00
1.200617313385009766e+00
1.199128150939941406e+00
1.199136018753051758e+00
1.198799252510070801e+00
1.197947859764099121e+00
1.196496367454528809e+00
1.198316335678100586e+00
1.201452851295471191e+00
1.202323794364929199e+00
1.201951861381530762e+00
1.202426671981811523e+00
1.201490283012390137e+00
1.202085375785827637e+00
1.203258395195007324e+00
1.203815102577209473e+00
1.203832745552062988e+00
1.209282159805297852e+00
1.210990667343139648e+00
1.212234735488891602e+00
1.216455936431884766e+00
1.214436531066894531e+00
1.216170907020568848e+00
1.218832612037658691e+00
1.218286156654357910e+00
1.221405982971191406e+00
1.219368100166320801e+00
1.225293159484863281e+00
1.222834944725036621e+00
1.223574876785278320e+00
1.221899628639221191e+00
1.221175432205200195e+00
1.224024415016174316e+00
1.225441098213195801e+00
1.225450515747070312e+00
1.220424413681030273e+00
1.223980188369750977e+00
1.224227905273437500e+00
1.222678899765014648e+00
1.223228931427001953e+00
1.222408294677734375e+00
1.223609805107116699e+00
1.219511985778808594e+00
1.218308329582214355e+00
1.219594836235046387e+00
1.222594976425170898e+00
1.219355940818786621e+00
1.216772198677062988e+00
1.214952588081359863e+00
1.217743873596191406e+00
1.213670849800109863e+00
1.214422464370727539e+00
1.214432120323181152e+00
1.219867110252380371e+00
1.224836587905883789e+00
1.229097127914428711e+00
1.227017998695373535e+00
1.223180770874023438e+00
1.223338246345520020e+00
1.228514790534973145e+00
1.231069803237915039e+00
1.229641795158386230e+00
1.228816032409667969e+00
1.227862000465393066e+00
1.230631947517395020e+00
1.230420351028442383e+00
1.231045126914978027e+00
1.228432059288024902e+00
1.228602647781372070e+00
1.228271365165710449e+00
1.224930047988891602e+00
1.225011587142944336e+00
1.226130247116088867e+00
1.227552890777587891e+00
1.229522347450256348e+00
1.227739810943603516e+00
1.229735851287841797e+00
1.230755686759948730e+00
1.232969284057617188e+00
1.237421512603759766e+00
1.238125562667846680e+00
1.238189578056335449e+00
1.234142184257507324e+00
1.232779383659362793e+00
1.232258200645446777e+00
1.234009742736816406e+00
1.232796430587768555e+00
1.235836386680603027e+00
1.238296508789062500e+00
1.237901687622070312e+00
1.240536451339721680e+00
1.243325829505920410e+00
1.243331074714660645e+00
1.245467543601989746e+00
1.245524406433105469e+00
1.242383480072021484e+00
1.237390637397766113e+00
1.236311435699462891e+00
1.239247083663940430e+00
1.237040281295776367e+00
1.234760522842407227e+00
1.232075333595275879e+00
1.233480691909790039e+00
1.233532905578613281e+00
1.233055114746093750e+00
1.229175567626953125e+00
1.226869821548461914e+00
1.228786230087280273e+00
1.227225780487060547e+00
1.227935194969177246e+00
1.233861804008483887e+00
1.232212185859680176e+00
1.233315587043762207e+00
1.230715274810791016e+00
1.235059142112731934e+00
1.233629465103149414e+00
1.235563635826110840e+00
1.236778140068054199e+00
1.233788371086120605e+00
1.231618642807006836e+00
1.229294896125793457e+00
1.232535839080810547e+00
1.233140110969543457e+00
1.234212279319763184e+00
1.228389382362365723e+00
1.232082605361938477e+00
1.231845378875732422e+00
1.236362814903259277e+00
1.234991431236267090e+00
1.238222837448120117e+00
1.240675806999206543e+00
1.242901563644409180e+00
1.244410395622253418e+00
1.241108179092407227e+00
1.241572737693786621e+00
1.240792393684387207e+00
1.241557002067565918e+00
1.241274952888488770e+00
1.237335920333862305e+00
1.236141204833984375e+00
1.238869786262512207e+00
1.241025805473327637e+00
1.241515278816223145e+00
1.239799618721008301e+00
1.243856072425842285e+00
1.239318251609802246e+00
1.240874052047729492e+00
1.244254827499389648e+00
1.244052648544311523e+00
1.245537877082824707e+00
1.242230534553527832e+00
1.241682171821594238e+00
1.238508701324462891e+00
1.234514951705932617e+00
1.231028199195861816e+00
1.231392741203308105e+00
1.234544515609741211e+00
1.237803578376770020e+00
1.235351681709289551e+00
1.235824823379516602e+00
1.236272811889648438e+00
1.238529324531555176e+00
1.236513972282409668e+00
1.241707563400268555e+00
1.242936491966247559e+00
1.240651011466979980e+00
1.243857026100158691e+00
1.242707014083862305e+00
1.242122292518615723e+00
1.244599819183349609e+00
1.241357445716857910e+00
1.243365049362182617e+00
1.242362260818481445e+00
1.246459007263183594e+00
1.247094511985778809e+00
1.244603157043457031e+00
1.239247083663940430e+00
1.242298722267150879e+00
1.241572856903076172e+00
1.240480184555053711e+00
1.241952776908874512e+00
1.242491245269775391e+00
1.237936019897460938e+00
1.238635540008544922e+00
1.236944675445556641e+00
1.240398645401000977e+00
1.242943167686462402e+00
1.242208719253540039e+00
1.245075702667236328e+00
1.250442743301391602e+00
1.247366905212402344e+00
1.241674065589904785e+00
1.243626832962036133e+00
1.239866137504577637e+00
1.243926405906677246e+00
1.242714881896972656e+00
1.246266245841979980e+00
1.250594139099121094e+00
1.250707864761352539e+00
1.252689957618713379e+00
1.244337201118469238e+00
1.245410799980163574e+00
1.243705868721008301e+00
1.245304942131042480e+00
1.243947148323059082e+00
1.245337009429931641e+00
1.249238491058349609e+00
1.244646430015563965e+00
1.243585586547851562e+00
1.238129377365112305e+00
1.240403532981872559e+00
1.237303614616394043e+00
1.235971331596374512e+00
1.236649870872497559e+00
1.240255594253540039e+00
1.241605401039123535e+00
1.241400003433227539e+00
1.239116907119750977e+00
1.236917734146118164e+00
1.236261487007141113e+00
1.238603353500366211e+00
1.238836526870727539e+00
1.239618659019470215e+00
1.239760875701904297e+00
1.240349173545837402e+00
1.239883303642272949e+00
1.243705987930297852e+00
1.241404891014099121e+00
1.241477251052856445e+00
1.240387558937072754e+00
1.241898655891418457e+00
1.246838092803955078e+00
1.243937373161315918e+00
1.244573116302490234e+00
1.244387149810791016e+00
1.243638157844543457e+00
1.241128563880920410e+00
1.246471405029296875e+00
1.245966672897338867e+00
1.246015667915344238e+00
1.243499994277954102e+00
1.242776036262512207e+00
1.246269941329956055e+00
1.247508287429809570e+00
1.248941421508789062e+00
1.250444531440734863e+00
1.245867133140563965e+00
1.247287392616271973e+00
1.246218204498291016e+00
1.246919393539428711e+00
1.248169898986816406e+00
1.246272444725036621e+00
1.249177098274230957e+00
1.246835947036743164e+00
1.246056079864501953e+00
1.245974063873291016e+00
1.248498082160949707e+00
1.249223709106445312e+00
1.245487332344055176e+00
1.240169286727905273e+00
1.237067103385925293e+00
1.237212896347045898e+00
1.236578106880187988e+00
1.244864940643310547e+00
1.243221044540405273e+00
1.243311166763305664e+00
1.241398572921752930e+00
1.237193465232849121e+00
1.237961888313293457e+00
1.239908933639526367e+00
1.243049383163452148e+00
1.243501782417297363e+00
1.240041017532348633e+00
1.242677211761474609e+00
1.245143890380859375e+00
1.247202515602111816e+00
1.244471073150634766e+00
1.247925758361816406e+00
1.245243549346923828e+00
1.244547009468078613e+00
1.248020529747009277e+00
1.252188205718994141e+00
1.251255393028259277e+00
1.245122671127319336e+00
1.247215270996093750e+00
1.246235966682434082e+00
1.246978759765625000e+00
1.246449112892150879e+00
1.246594548225402832e+00
1.247454404830932617e+00
1.247441053390502930e+00
1.244445323944091797e+00
1.243789672851562500e+00
1.242089867591857910e+00
1.245746135711669922e+00
1.244691848754882812e+00
1.242446064949035645e+00
1.241736412048339844e+00
1.241813540458679199e+00
1.241545796394348145e+00
1.244956493377685547e+00
1.244402647018432617e+00
1.242036342620849609e+00
1.241712331771850586e+00
1.237190127372741699e+00
1.238934278488159180e+00
1.240187644958496094e+00
1.241615891456604004e+00
1.239765763282775879e+00
1.242107629776000977e+00
1.242047905921936035e+00
1.242898821830749512e+00
1.244239807128906250e+00
1.246468186378479004e+00
1.246331334114074707e+00
1.246046900749206543e+00
1.249149918556213379e+00
1.251281738281250000e+00
1.255093693733215332e+00
1.253753662109375000e+00
1.254976034164428711e+00
1.253244519233703613e+00
1.249452948570251465e+00
1.246739149093627930e+00
1.246494650840759277e+00
1.244808554649353027e+00
1.245128035545349121e+00
1.241278052330017090e+00
1.241959095001220703e+00
1.245543956756591797e+00
1.246827244758605957e+00
1.248860001564025879e+00
1.246454477310180664e+00
1.247662067413330078e+00
1.252921223640441895e+00
1.248167395591735840e+00
1.246835947036743164e+00
1.243661165237426758e+00
1.243965387344360352e+00
1.246716737747192383e+00
1.252156972885131836e+00
1.248998880386352539e+00
1.251483917236328125e+00
1.252437233924865723e+00
1.254457235336303711e+00
1.256239175796508789e+00
1.257163405418395996e+00
1.261130690574645996e+00
1.261503577232360840e+00
1.257859587669372559e+00
1.257339954376220703e+00
1.255433559417724609e+00
1.259835124015808105e+00
1.263149619102478027e+00
1.258439183235168457e+00
1.256333112716674805e+00
1.252974748611450195e+00
1.250609397888183594e+00
1.252443671226501465e+00
1.246827721595764160e+00
1.248073697090148926e+00
1.248124718666076660e+00
1.247363209724426270e+00
1.247188568115234375e+00
1.243038892745971680e+00
1.238654732704162598e+00
1.241611242294311523e+00
1.238597154617309570e+00
1.237208247184753418e+00
1.236185312271118164e+00
1.235446333885192871e+00
1.239560246467590332e+00
1.238113760948181152e+00
1.240147233009338379e+00
1.244394898414611816e+00
1.245235681533813477e+00
1.246440291404724121e+00
1.244367480278015137e+00
1.247044920921325684e+00
1.242729306221008301e+00
1.247005701065063477e+00
1.242977380752563477e+00
1.246243119239807129e+00
1.245458364486694336e+00
1.247485995292663574e+00
1.246027112007141113e+00
1.247347593307495117e+00
1.248245000839233398e+00
1.242924332618713379e+00
1.239629030227661133e+00
1.235204696655273438e+00
1.238308310508728027e+00
1.241156339645385742e+00
1.243298649787902832e+00
1.244699716567993164e+00
1.248122692108154297e+00
1.252187013626098633e+00
1.251416563987731934e+00
1.251346707344055176e+00
1.253943562507629395e+00
1.253479599952697754e+00
1.255039334297180176e+00
1.255033612251281738e+00
1.260874629020690918e+00
1.264158844947814941e+00
1.261466741561889648e+00
1.256678342819213867e+00
1.257600903511047363e+00
1.257599949836730957e+00
1.258314371109008789e+00
1.259439468383789062e+00
1.261016130447387695e+00
1.259120106697082520e+00
1.260938763618469238e+00
1.262617945671081543e+00
1.256548166275024414e+00
1.252398252487182617e+00
1.249264478683471680e+00
1.245355248451232910e+00
1.244081854820251465e+00
1.244732737541198730e+00
1.241192102432250977e+00
1.241435766220092773e+00
1.235000371932983398e+00
1.233038544654846191e+00
1.230165123939514160e+00
1.231544971466064453e+00
1.222942471504211426e+00
1.225275397300720215e+00
1.225522756576538086e+00
1.226671218872070312e+00
1.231705307960510254e+00
1.230633020401000977e+00
1.235468506813049316e+00
1.237162709236145020e+00
1.236256480216979980e+00
1.239202141761779785e+00
1.239032149314880371e+00
1.239032864570617676e+00
1.238107323646545410e+00
1.240429997444152832e+00
1.241988301277160645e+00
1.242439150810241699e+00
1.241839408874511719e+00
1.235843658447265625e+00
1.237710356712341309e+00
1.237833023071289062e+00
1.236821770668029785e+00
1.238898158073425293e+00
1.241166591644287109e+00
1.243028998374938965e+00
1.243832349777221680e+00
1.242385983467102051e+00
1.240041613578796387e+00
1.236244559288024902e+00
1.234954714775085449e+00
1.233666062355041504e+00
1.236712217330932617e+00
1.239289164543151855e+00
1.240170955657958984e+00
1.240656971931457520e+00
1.242819786071777344e+00
1.239510416984558105e+00
1.240929365158081055e+00
1.244585871696472168e+00
1.245132327079772949e+00
1.247635245323181152e+00
1.243573904037475586e+00
1.243730664253234863e+00
1.246386647224426270e+00
1.245399832725524902e+00
1.243290901184082031e+00
1.246496558189392090e+00
1.250732779502868652e+00
1.253072023391723633e+00
1.254861474037170410e+00
1.257939577102661133e+00
1.256233811378479004e+00
1.256098985671997070e+00
1.253971338272094727e+00
1.253832340240478516e+00
1.254667878150939941e+00
1.257089257240295410e+00
1.255619168281555176e+00
1.251338601112365723e+00
1.251030445098876953e+00
1.247377157211303711e+00
1.249525189399719238e+00
1.252470850944519043e+00
1.254140138626098633e+00
1.249382734298706055e+00
1.246469616889953613e+00
1.248843073844909668e+00
1.246119260787963867e+00
1.248797178268432617e+00
1.251064062118530273e+00
1.250776290893554688e+00
1.256666302680969238e+00
1.251975655555725098e+00
1.249876260757446289e+00
1.247083187103271484e+00
1.246415615081787109e+00
1.251773595809936523e+00
1.250269651412963867e+00
1.250144839286804199e+00
1.251531243324279785e+00
1.252312302589416504e+00
1.257466793060302734e+00
1.255236983299255371e+00
1.261286973953247070e+00
1.264832377433776855e+00
1.262430906295776367e+00
1.260388612747192383e+00
1.260702133178710938e+00
1.258515834808349609e+00
1.257678627967834473e+00
1.260152697563171387e+00
1.258811593055725098e+00
1.256632924079895020e+00
1.259122729301452637e+00
1.260113596916198730e+00
1.258338689804077148e+00
1.257742881774902344e+00
1.251892685890197754e+00
1.247476935386657715e+00
1.247368216514587402e+00
1.245823264122009277e+00
1.245227217674255371e+00
1.246910810470581055e+00
1.245349287986755371e+00
1.243019938468933105e+00
1.241269350051879883e+00
1.239910364151000977e+00
1.236403346061706543e+00
1.241055607795715332e+00
1.239575862884521484e+00
1.243389964103698730e+00
1.242553114891052246e+00
1.245369434356689453e+00
1.242273092269897461e+00
1.244098067283630371e+00
1.247007250785827637e+00
1.245013713836669922e+00
1.245665788650512695e+00
1.246792793273925781e+00
1.249633789062500000e+00
1.247139930725097656e+00
1.244384169578552246e+00
1.243702292442321777e+00
1.243536710739135742e+00
1.241525769233703613e+00
1.243280768394470215e+00
1.243535757064819336e+00
1.244936108589172363e+00
1.243490934371948242e+00
1.240594387054443359e+00
1.243357181549072266e+00
1.246473550796508789e+00
1.244521021842956543e+00
1.245942234992980957e+00
1.245108723640441895e+00
1.250267028808593750e+00
1.247270822525024414e+00
1.243922829627990723e+00
1.245370388031005859e+00
1.249545693397521973e+00
1.252690553665161133e+00
1.250869870185852051e+00
1.249066352844238281e+00
1.251838564872741699e+00
1.253718137741088867e+00
1.249921560287475586e+00
1.248236417770385742e+00
1.248147726058959961e+00
1.253292918205261230e+00
1.253069162368774414e+00
1.251626133918762207e+00
1.251313209533691406e+00
1.247669935226440430e+00
1.248747825622558594e+00
1.249760746955871582e+00
1.250037431716918945e+00
1.251939296722412109e+00
1.247666835784912109e+00
1.246219396591186523e+00
1.247375369071960449e+00
1.248906850814819336e+00
1.248155117034912109e+00
1.247130513191223145e+00
1.243755817413330078e+00
1.244565248489379883e+00
1.243037343025207520e+00
1.240856170654296875e+00
1.239651679992675781e+00
1.242410182952880859e+00
1.239049673080444336e+00
1.236538887023925781e+00
1.242421865463256836e+00
1.246770143508911133e+00
1.242352604866027832e+00
1.240822196006774902e+00
1.241738080978393555e+00
1.238658428192138672e+00
1.242881655693054199e+00
1.247130870819091797e+00
1.247020721435546875e+00
1.248158454895019531e+00
1.247397422790527344e+00
1.250313401222229004e+00
1.251804590225219727e+00
1.253396511077880859e+00
1.256397724151611328e+00
1.254017114639282227e+00
1.258253693580627441e+00
1.255670785903930664e+00
1.253206610679626465e+00
1.250424146652221680e+00
1.252823591232299805e+00
1.250142574310302734e+00
1.248101711273193359e+00
1.250875949859619141e+00
1.252158522605895996e+00
1.255739331245422363e+00
1.255009889602661133e+00
1.253320574760437012e+00
1.253283977508544922e+00
1.254685997962951660e+00
1.253893136978149414e+00
1.254857778549194336e+00
1.255623698234558105e+00
1.257123947143554688e+00
1.254156351089477539e+00
1.253459692001342773e+00
1.250951290130615234e+00
1.251795649528503418e+00
1.250133395195007324e+00
1.252218008041381836e+00
1.249006628990173340e+00
1.249610900878906250e+00
1.245954155921936035e+00
1.243636727333068848e+00
1.240461468696594238e+00
1.246660947799682617e+00
1.244629979133605957e+00
1.246781826019287109e+00
1.247144937515258789e+00
1.244486927986145020e+00
1.236736059188842773e+00
1.236513853073120117e+00
1.232815623283386230e+00
1.233975529670715332e+00
1.233050704002380371e+00
1.232968091964721680e+00
1.233800768852233887e+00
1.232717156410217285e+00
1.234036922454833984e+00
1.234490394592285156e+00
1.232142329216003418e+00
1.233681440353393555e+00
1.236059188842773438e+00
1.234778761863708496e+00
1.237713694572448730e+00
1.240556359291076660e+00
1.243739485740661621e+00
1.248979330062866211e+00
1.248151659965515137e+00
1.244818091392517090e+00
1.247759103775024414e+00
1.249259471893310547e+00
1.252634048461914062e+00
1.252263665199279785e+00
1.251421689987182617e+00
1.248988389968872070e+00
1.249398231506347656e+00
1.249303460121154785e+00
1.246251583099365234e+00
1.243578672409057617e+00
1.248016715049743652e+00
1.248696923255920410e+00
1.248983860015869141e+00
1.252009391784667969e+00
1.247004747390747070e+00
1.248463511466979980e+00
1.248419880867004395e+00
1.255244612693786621e+00
1.253196239471435547e+00
1.256284236907958984e+00
1.256872296333312988e+00
1.253766536712646484e+00
1.256010174751281738e+00
1.256542682647705078e+00
1.254960536956787109e+00
1.249153494834899902e+00
1.252514123916625977e+00
1.254003167152404785e+00
1.248819231986999512e+00
1.251724600791931152e+00
1.254276514053344727e+00
1.254389882087707520e+00
1.253232717514038086e+00
1.253330707550048828e+00
1.253250837326049805e+00
1.251200675964355469e+00
1.250529646873474121e+00
1.250073552131652832e+00
1.252803444862365723e+00
1.248121380805969238e+00
1.250617265701293945e+00
1.251926422119140625e+00
1.252684354782104492e+00
1.251387596130371094e+00
1.255181193351745605e+00
1.257167696952819824e+00
1.257087469100952148e+00
1.256362795829772949e+00
1.253496050834655762e+00
1.255189776420593262e+00
1.253938198089599609e+00
1.251041293144226074e+00
1.254748940467834473e+00
1.255780100822448730e+00
1.256497859954833984e+00
1.258842229843139648e+00
1.263932108879089355e+00
1.262338399887084961e+00
1.261125683784484863e+00
1.261389613151550293e+00
1.256356358528137207e+00
1.255770444869995117e+00
1.255708932876586914e+00
1.257133483886718750e+00
1.257607579231262207e+00
1.259724378585815430e+00
1.258980393409729004e+00
1.261009454727172852e+00
1.259855389595031738e+00
1.259643554687500000e+00
1.261701822280883789e+00
1.261502265930175781e+00
1.260623097419738770e+00
1.260122776031494141e+00
1.261243224143981934e+00
1.262047290802001953e+00
1.254152655601501465e+00
1.254008412361145020e+00
1.251950860023498535e+00
1.252053499221801758e+00
1.253002643585205078e+00
1.250684976577758789e+00
1.249561548233032227e+00
1.245141506195068359e+00
1.247261643409729004e+00
1.253484129905700684e+00
1.252377510070800781e+00
1.254269719123840332e+00
1.253408789634704590e+00
1.252652645111083984e+00
1.256937742233276367e+00
1.259417891502380371e+00
1.254716873168945312e+00
1.255988001823425293e+00
1.254309415817260742e+00
1.253105998039245605e+00
1.253178715705871582e+00
1.252387642860412598e+00
1.255312561988830566e+00
1.256804108619689941e+00
1.252217769622802734e+00
1.250578045845031738e+00
1.254299759864807129e+00
1.257892489433288574e+00
1.258314967155456543e+00
1.259716749191284180e+00
1.266772747039794922e+00
1.262270808219909668e+00
1.260808825492858887e+00
1.259924292564392090e+00
1.260574340820312500e+00
1.258969902992248535e+00
1.260023236274719238e+00
1.259204506874084473e+00
1.257293581962585449e+00
1.261145591735839844e+00
1.258781194686889648e+00
1.261996865272521973e+00
1.265215039253234863e+00
1.267767310142517090e+00
1.263491868972778320e+00
1.264794826507568359e+00
1.267544507980346680e+00
1.263726472854614258e+00
1.260436773300170898e+00
1.260974526405334473e+00
1.264397263526916504e+00
1.263092398643493652e+00
1.262244939804077148e+00
1.265192866325378418e+00
1.266582012176513672e+00
1.261448502540588379e+00
1.264655590057373047e+00
1.263132929801940918e+00
1.261910676956176758e+00
1.260595440864562988e+00
1.264484047889709473e+00
1.263458371162414551e+00
1.261470198631286621e+00
1.256945729255676270e+00
1.254106044769287109e+00
1.255700111389160156e+00
1.256552577018737793e+00
1.256198406219482422e+00
1.256050109863281250e+00
1.255037784576416016e+00
1.252849221229553223e+00
1.254398345947265625e+00
1.254841208457946777e+00
1.257946729660034180e+00
1.256588578224182129e+00
1.256722569465637207e+00
1.256660699844360352e+00
1.251676201820373535e+00
1.254156947135925293e+00
1.252840995788574219e+00
1.254819989204406738e+00
1.252257823944091797e+00
1.250411510467529297e+00
1.252705097198486328e+00
1.250066637992858887e+00
1.248841285705566406e+00
1.250534653663635254e+00
1.256231188774108887e+00
1.256101369857788086e+00
1.260384202003479004e+00
1.263468861579895020e+00
1.265730857849121094e+00
1.262743830680847168e+00
1.266769051551818848e+00
1.268903970718383789e+00
1.268458724021911621e+00
1.266510725021362305e+00
1.266467690467834473e+00
1.268642783164978027e+00
1.264924526214599609e+00
1.260849952697753906e+00
1.262805700302124023e+00
1.261748909950256348e+00
1.265591979026794434e+00
1.266518712043762207e+00
1.262778401374816895e+00
1.263039231300354004e+00
1.263326406478881836e+00
1.264207839965820312e+00
1.265145897865295410e+00
1.268617153167724609e+00
1.264655470848083496e+00
1.266401767730712891e+00
1.268312096595764160e+00
1.267055153846740723e+00
1.269982814788818359e+00
1.273596405982971191e+00
1.272737383842468262e+00
1.273892402648925781e+00
1.272985816001892090e+00
1.270945191383361816e+00
1.273134112358093262e+00
1.274576783180236816e+00
1.274319648742675781e+00
1.278149127960205078e+00
1.276026964187622070e+00
1.272426366806030273e+00
1.270802259445190430e+00
1.274751305580139160e+00
1.276152372360229492e+00
1.274679303169250488e+00
1.279580354690551758e+00
1.279514551162719727e+00
1.276974439620971680e+00
1.276740431785583496e+00
1.279319405555725098e+00
1.280286550521850586e+00
1.277534604072570801e+00
1.277498960494995117e+00
1.277779221534729004e+00
1.274389624595642090e+00
1.274553537368774414e+00
1.275832414627075195e+00
1.280959486961364746e+00
1.282304048538208008e+00
1.279376149177551270e+00
1.281152009963989258e+00
1.280205130577087402e+00
1.280620455741882324e+00
1.282388925552368164e+00
1.285764098167419434e+00
1.291654467582702637e+00
1.291599035263061523e+00
1.292510986328125000e+00
1.287461161613464355e+00
1.286342978477478027e+00
1.286438107490539551e+00
1.287687063217163086e+00
1.287925243377685547e+00
1.284711122512817383e+00
1.280228137969970703e+00
1.279549121856689453e+00
1.278544664382934570e+00
1.277366280555725098e+00
1.281574130058288574e+00
1.278499245643615723e+00
1.281050801277160645e+00
1.280955433845520020e+00
1.287267684936523438e+00
1.287216424942016602e+00
1.288238286972045898e+00
1.290286898612976074e+00
1.290976643562316895e+00
1.289154767990112305e+00
1.285943269729614258e+00
1.286813974380493164e+00
1.286430001258850098e+00
1.281304121017456055e+00
1.277483701705932617e+00
1.279335498809814453e+00
1.275297880172729492e+00
1.274198651313781738e+00
1.275569319725036621e+00
1.279467105865478516e+00
1.279477715492248535e+00
1.279683709144592285e+00
1.276670694351196289e+00
1.279089808464050293e+00
1.277546167373657227e+00
1.278356790542602539e+00
1.280737400054931641e+00
1.276463150978088379e+00
1.278019070625305176e+00
1.278496384620666504e+00
1.279274821281433105e+00
1.280481219291687012e+00
1.278622627258300781e+00
1.275760769844055176e+00
1.277757048606872559e+00
1.280761122703552246e+00
1.274186730384826660e+00
1.276315450668334961e+00
1.271369695663452148e+00
1.272686481475830078e+00
1.276717662811279297e+00
1.272011995315551758e+00
1.271324038505554199e+00
1.267741918563842773e+00
1.267960786819458008e+00
1.268151879310607910e+00
1.269208788871765137e+00
1.265031456947326660e+00
1.263023138046264648e+00
1.262083292007446289e+00
1.264503121376037598e+00
1.259687066078186035e+00
1.263693213462829590e+00
1.263499855995178223e+00
1.264771223068237305e+00
1.262788295745849609e+00
1.262771964073181152e+00
1.260583639144897461e+00
1.259385466575622559e+00
1.258606433868408203e+00
1.254185795783996582e+00
1.255420327186584473e+00
1.258089661598205566e+00
1.258186936378479004e+00
1.257805109024047852e+00
1.261048078536987305e+00
1.257797718048095703e+00
1.259211182594299316e+00
1.260164022445678711e+00
1.260372996330261230e+00
1.261436343193054199e+00
1.259695649147033691e+00
1.256515383720397949e+00
1.251860976219177246e+00
1.252451181411743164e+00
1.258650541305541992e+00
1.257447957992553711e+00
1.258758902549743652e+00
1.264445304870605469e+00
1.266299486160278320e+00
1.268071413040161133e+00
1.269665360450744629e+00
1.273082137107849121e+00
1.270168066024780273e+00
1.268118381500244141e+00
1.267833709716796875e+00
1.264623165130615234e+00
1.266274094581604004e+00
1.262577891349792480e+00
1.262758731842041016e+00
1.260860562324523926e+00
1.260953903198242188e+00
1.259153723716735840e+00
1.259774804115295410e+00
1.265924930572509766e+00
1.260532975196838379e+00
1.264640450477600098e+00
1.266731262207031250e+00
1.271407246589660645e+00
1.273078918457031250e+00
1.268572330474853516e+00
1.267453432083129883e+00
1.265522003173828125e+00
1.265866279602050781e+00
1.268183827400207520e+00
1.269230246543884277e+00
1.266281366348266602e+00
1.266973853111267090e+00
1.267701387405395508e+00
1.267503142356872559e+00
1.267469167709350586e+00
1.268145442008972168e+00
1.263448834419250488e+00
1.262913584709167480e+00
1.262103438377380371e+00
1.257028818130493164e+00
1.261174440383911133e+00
1.257626891136169434e+00
1.256908655166625977e+00
1.259286046028137207e+00
1.257752656936645508e+00
1.256145238876342773e+00
1.252781748771667480e+00
1.257966637611389160e+00
1.259486198425292969e+00
1.261865019798278809e+00
1.263861536979675293e+00
1.264900803565979004e+00
1.267703294754028320e+00
1.267681956291198730e+00
1.265821576118469238e+00
1.262781739234924316e+00
1.267776489257812500e+00
1.268501162528991699e+00
1.269870638847351074e+00
1.271100997924804688e+00
1.273105978965759277e+00
1.277229070663452148e+00
1.278351187705993652e+00
1.276714682579040527e+00
1.279626965522766113e+00
1.278539419174194336e+00
1.275911450386047363e+00
1.274169445037841797e+00
1.275997877120971680e+00
1.277244448661804199e+00
1.275923967361450195e+00
1.273738980293273926e+00
1.273349881172180176e+00
1.272608160972595215e+00
1.269502520561218262e+00
1.270512819290161133e+00
1.271821737289428711e+00
1.271380186080932617e+00
1.273463249206542969e+00
1.273128390312194824e+00
1.270312786102294922e+00
1.266889095306396484e+00
1.261698842048645020e+00
1.261611938476562500e+00
1.256025314331054688e+00
1.252603054046630859e+00
1.256367564201354980e+00
1.255123376846313477e+00
1.256809353828430176e+00
1.247663140296936035e+00
1.248529911041259766e+00
1.247912406921386719e+00
1.248069643974304199e+00
1.246700644493103027e+00
1.242940187454223633e+00
1.244612216949462891e+00
1.247217535972595215e+00
1.248492717742919922e+00
1.249479651451110840e+00
1.256783008575439453e+00
1.256511330604553223e+00
1.257764816284179688e+00
1.258223891258239746e+00
1.259369254112243652e+00
1.255308032035827637e+00
1.253428936004638672e+00
1.249669551849365234e+00
1.250213146209716797e+00
1.256190419197082520e+00
1.256515741348266602e+00
1.258416771888732910e+00
1.257468700408935547e+00
1.258501052856445312e+00
1.262715697288513184e+00
1.261562228202819824e+00
1.260271906852722168e+00
1.262766480445861816e+00
1.264358043670654297e+00
1.262191414833068848e+00
1.261784315109252930e+00
1.259543776512145996e+00
1.260024905204772949e+00
1.263254165649414062e+00
1.261441230773925781e+00
1.262557506561279297e+00
1.260075449943542480e+00
1.265047073364257812e+00
1.265184521675109863e+00
1.263547420501708984e+00
1.258485555648803711e+00
1.256234288215637207e+00
1.257581591606140137e+00
1.260677695274353027e+00
1.258465170860290527e+00
1.261935830116271973e+00
1.259211421012878418e+00
1.262477874755859375e+00
1.267042398452758789e+00
1.269717216491699219e+00
1.268977284431457520e+00
1.268855214118957520e+00
1.264922976493835449e+00
1.267296433448791504e+00
1.267107486724853516e+00
1.267823934555053711e+00
1.271420955657958984e+00
1.267837285995483398e+00
1.265557527542114258e+00
1.268137454986572266e+00
1.271632671356201172e+00
1.274917364120483398e+00
1.274822473526000977e+00
1.275970816612243652e+00
1.273805618286132812e+00
1.273591279983520508e+00
1.272397756576538086e+00
1.271323084831237793e+00
1.273320317268371582e+00
1.273360013961791992e+00
1.271378397941589355e+00
1.270444154739379883e+00
1.265575647354125977e+00
1.263018131256103516e+00
1.259221076965332031e+00
1.264303684234619141e+00
1.263288736343383789e+00
1.267023086547851562e+00
1.269356250762939453e+00
1.267375469207763672e+00
1.266883969306945801e+00
1.266604423522949219e+00
1.272387623786926270e+00
1.274934411048889160e+00
1.277132987976074219e+00
1.278972029685974121e+00
1.274596691131591797e+00
1.271345019340515137e+00
1.269810318946838379e+00
1.265895247459411621e+00
1.266208767890930176e+00
1.261128306388854980e+00
1.261716485023498535e+00
1.262220501899719238e+00
1.258905768394470215e+00
1.256167292594909668e+00
1.252670407295227051e+00
1.250165462493896484e+00
1.246088504791259766e+00
1.251664161682128906e+00
1.251693725585937500e+00
1.252676486968994141e+00
1.257411122322082520e+00
1.262882113456726074e+00
1.264899849891662598e+00
1.266377449035644531e+00
1.267346382141113281e+00
1.269320368766784668e+00
1.267848849296569824e+00
1.269824266433715820e+00
1.265960574150085449e+00
1.261129736900329590e+00
1.266968965530395508e+00
1.266153335571289062e+00
1.264501452445983887e+00
1.260368108749389648e+00
1.261573553085327148e+00
1.260014772415161133e+00
1.257100343704223633e+00
1.256247878074645996e+00
1.255970478057861328e+00
1.250568866729736328e+00
1.250296354293823242e+00
1.250611901283264160e+00
1.251310825347900391e+00
1.250254511833190918e+00
1.243198752403259277e+00
1.246460556983947754e+00
1.246822595596313477e+00
1.243202447891235352e+00
1.242473840713500977e+00
1.244280099868774414e+00
1.244694709777832031e+00
1.248988866806030273e+00
1.247978210449218750e+00
1.250647306442260742e+00
1.251889467239379883e+00
1.249731779098510742e+00
1.249146580696105957e+00
1.253792166709899902e+00
1.253570556640625000e+00
1.251007914543151855e+00
1.253796458244323730e+00
1.258671164512634277e+00
1.258494257926940918e+00
1.264050006866455078e+00
1.259964466094970703e+00
1.259948492050170898e+00
1.260555386543273926e+00
1.261888623237609863e+00
1.263339638710021973e+00
1.261131525039672852e+00
1.261285543441772461e+00
1.264084458351135254e+00
1.261053562164306641e+00
1.261013984680175781e+00
1.256427288055419922e+00
1.258548259735107422e+00
1.251874089241027832e+00
1.251547217369079590e+00
1.248038649559020996e+00
1.248285293579101562e+00
1.250304102897644043e+00
1.255447626113891602e+00
1.258063435554504395e+00
1.256839871406555176e+00
1.259283423423767090e+00
1.258749485015869141e+00
1.259546875953674316e+00
1.260734200477600098e+00
1.261326909065246582e+00
1.262899756431579590e+00
1.267794847488403320e+00
1.266539573669433594e+00
1.259777903556823730e+00
1.263972401618957520e+00
1.265892267227172852e+00
1.273886084556579590e+00
1.274485588073730469e+00
1.274607658386230469e+00
1.275469779968261719e+00
1.276054263114929199e+00
1.272194147109985352e+00
1.269543170928955078e+00
1.270223975181579590e+00
1.266682505607604980e+00
1.269300222396850586e+00
1.268620252609252930e+00
1.266108512878417969e+00
1.262800931930541992e+00
1.258523464202880859e+00
1.257690429687500000e+00
1.259851574897766113e+00
1.259881496429443359e+00
1.262749433517456055e+00
1.264924049377441406e+00
1.267509102821350098e+00
1.270007491111755371e+00
1.269890546798706055e+00
1.270752906799316406e+00
1.269343733787536621e+00
1.270453691482543945e+00
1.268385171890258789e+00
1.271240115165710449e+00
1.269332051277160645e+00
1.267368674278259277e+00
1.265373945236206055e+00
1.263960003852844238e+00
1.265050411224365234e+00
1.265441298484802246e+00
1.261763691902160645e+00
1.262413620948791504e+00
1.264479398727416992e+00
1.267795443534851074e+00
1.271775603294372559e+00
1.269366860389709473e+00
1.265065908432006836e+00
1.266396522521972656e+00
1.268477797508239746e+00
1.266831517219543457e+00
1.264406800270080566e+00
1.266863465309143066e+00
1.269361376762390137e+00
1.267638564109802246e+00
1.267975330352783203e+00
1.267171502113342285e+00
1.270934939384460449e+00
1.264909982681274414e+00
1.268601894378662109e+00
1.268623352050781250e+00
1.266324996948242188e+00
1.268413305282592773e+00
1.263579010963439941e+00
1.261379241943359375e+00
1.261344432830810547e+00
1.256313323974609375e+00
1.257716178894042969e+00
1.263203620910644531e+00
1.263326048851013184e+00
1.258790254592895508e+00
1.255657434463500977e+00
1.258253812789916992e+00
1.261635422706604004e+00
1.261159062385559082e+00
1.264816999435424805e+00
1.263235569000244141e+00
1.265211343765258789e+00
1.265441656112670898e+00
1.261928319931030273e+00
1.264049530029296875e+00
1.264045715332031250e+00
1.266055583953857422e+00
1.264437675476074219e+00
1.263789772987365723e+00
1.265569567680358887e+00
1.263825416564941406e+00
1.267545938491821289e+00
1.267467975616455078e+00
1.268068075180053711e+00
1.265031576156616211e+00
1.265092015266418457e+00
1.264609813690185547e+00
1.265299916267395020e+00
1.267917871475219727e+00
1.270702004432678223e+00
1.265630602836608887e+00
1.262266039848327637e+00
1.257643938064575195e+00
1.256112694740295410e+00
1.265613794326782227e+00
1.267483711242675781e+00
1.264653921127319336e+00
1.264268755912780762e+00
1.262884855270385742e+00
1.264873862266540527e+00
1.261102914810180664e+00
1.259258031845092773e+00
1.263488411903381348e+00
1.258424997329711914e+00
1.259061932563781738e+00
1.256080031394958496e+00
1.254586577415466309e+00
1.258207798004150391e+00
1.256694555282592773e+00
1.252459883689880371e+00
1.260649561882019043e+00
1.255924224853515625e+00
1.256605863571166992e+00
1.254601359367370605e+00
1.250203728675842285e+00
1.250936985015869141e+00
1.255344748497009277e+00
1.251831650733947754e+00
1.249455094337463379e+00
1.255422949790954590e+00
1.256280303001403809e+00
1.260836720466613770e+00
1.261086702346801758e+00
1.262749075889587402e+00
1.263239979743957520e+00
1.265757799148559570e+00
1.267823576927185059e+00
1.266659140586853027e+00
1.263507127761840820e+00
1.267048001289367676e+00
1.266588211059570312e+00
1.267422318458557129e+00
1.263562917709350586e+00
1.265589952468872070e+00
1.265774130821228027e+00
1.261809229850769043e+00
1.264838099479675293e+00
1.269141674041748047e+00
1.271392822265625000e+00
1.270440816879272461e+00
1.267518639564514160e+00
1.270431041717529297e+00
1.270084977149963379e+00
1.271950006484985352e+00
1.272694349288940430e+00
1.267379760742187500e+00
1.262961506843566895e+00
1.263743758201599121e+00
1.261211514472961426e+00
1.262447476387023926e+00
1.262537598609924316e+00
1.262244343757629395e+00
1.259372830390930176e+00
1.262256860733032227e+00
1.258502840995788574e+00
1.261441946029663086e+00
1.265173554420471191e+00
1.263855457305908203e+00
1.266573429107666016e+00
1.264956951141357422e+00
1.262911915779113770e+00
1.263653278350830078e+00
1.265352606773376465e+00
