1.953905868530273438e+01 2.145921897888183594e+01 1.686533546447753906e+01 1.824306106567382812e+01 1.791437339782714844e+01 1.783606338500976562e+01 1.961242485046386719e+01 2.139531707763671875e+01 2.289745712280273438e+01 2.679123687744140625e+01 3.060581779479980469e+01 3.579940795898437500e+01 4.198868179321289062e+01 5.059330749511718750e+01 6.049583816528320312e+01 7.367143249511718750e+01 8.994586944580078125e+01 1.103362655639648438e+02 1.374842224121093750e+02 1.729982452392578125e+02 2.226404266357421875e+02 2.955309753417968750e+02
1.721790695190429688e+01 1.613311195373535156e+01 1.412875080108642578e+01 1.338842010498046875e+01 1.414807796478271484e+01 1.399217891693115234e+01 1.441839885711669922e+01 1.540344524383544922e+01 1.672532272338867188e+01 1.898773002624511719e+01 2.173771476745605469e+01 2.530677795410156250e+01 3.015439987182617188e+01 3.600908660888671875e+01 4.370018386840820312e+01 5.326278305053710938e+01 6.526989746093750000e+01 8.136569213867187500e+01 1.020110473632812500e+02 1.301359252929687500e+02 1.699917144775390625e+02 2.296260833740234375e+02
1.421664428710937500e+01 1.329974746704101562e+01 1.267298984527587891e+01 1.242139816284179688e+01 1.258696174621582031e+01 1.260124588012695312e+01 1.305319213867187500e+01 1.365195369720458984e+01 1.475403118133544922e+01 1.613596916198730469e+01 1.796415710449218750e+01 2.051062583923339844e+01 2.357661819458007812e+01 2.772228813171386719e+01 3.344326782226562500e+01 4.002826690673828125e+01 4.891332244873046875e+01 6.061236572265625000e+01 7.641323089599609375e+01 9.776712799072265625e+01 1.292506408691406250e+02 1.777107086181640625e+02
1.703229904174804688e+01 1.508325099945068359e+01 1.495204162597656250e+01 1.411573123931884766e+01 1.253761672973632812e+01 1.281030941009521484e+01 1.164648628234863281e+01 1.237659835815429688e+01 1.205462646484375000e+01 1.290421772003173828e+01 1.341763687133789062e+01 1.560308170318603516e+01 1.750142860412597656e+01 2.047441101074218750e+01 2.437741661071777344e+01 2.930614280700683594e+01 3.588663101196289062e+01 4.448007202148437500e+01 5.601900482177734375e+01 7.206311035156250000e+01 9.562312316894531250e+01 1.324999084472656250e+02
1.460787963867187500e+01 1.323818302154541016e+01 1.173505878448486328e+01 1.078676223754882812e+01 9.900330543518066406e+00 9.128914833068847656e+00 8.612239837646484375e+00 8.521779060363769531e+00 8.839872360229492188e+00 9.199749946594238281e+00 9.971150398254394531e+00 1.116931629180908203e+01 1.255319213867187500e+01 1.508416080474853516e+01 1.790178108215332031e+01 2.209431457519531250e+01 2.713519859313964844e+01 3.433538818359375000e+01 4.340261077880859375e+01 5.596228790283203125e+01 7.448179626464843750e+01 1.031039428710937500e+02
2.063055610656738281e+01 1.971790122985839844e+01 1.960634231567382812e+01 1.767437744140625000e+01 1.628149414062500000e+01 1.540550899505615234e+01 1.511233425140380859e+01 1.411413860321044922e+01 1.375724029541015625e+01 1.366863250732421875e+01 1.348444271087646484e+01 1.362758064270019531e+01 1.424593830108642578e+01 1.498959350585937500e+01 1.605522727966308594e+01 1.831033325195312500e+01 2.163542175292968750e+01 2.608420562744140625e+01 3.212652969360351562e+01 4.128873443603515625e+01 5.454014968872070312e+01 7.594748687744140625e+01
2.362025451660156250e+01 2.177214431762695312e+01 2.081624984741210938e+01 1.984374427795410156e+01 1.838323783874511719e+01 1.755762672424316406e+01 1.605730438232421875e+01 1.592288970947265625e+01 1.476196670532226562e+01 1.426729202270507812e+01 1.342160797119140625e+01 1.380351734161376953e+01 1.321211338043212891e+01 1.376656341552734375e+01 1.428489780426025391e+01 1.510661315917968750e+01 1.703434562683105469e+01 1.992956924438476562e+01 2.412210083007812500e+01 3.020928955078125000e+01 4.021234893798828125e+01 5.634748840332031250e+01
2.521664237976074219e+01 2.450177574157714844e+01 2.270034408569335938e+01 2.164867019653320312e+01 2.021354866027832031e+01 1.923210906982421875e+01 1.826489830017089844e+01 1.625549697875976562e+01 1.661905860900878906e+01 1.444893360137939453e+01 1.561651802062988281e+01 1.343246841430664062e+01 1.428473758697509766e+01 1.316598415374755859e+01 1.418833065032958984e+01 1.414365005493164062e+01 1.580325794219970703e+01 1.719896316528320312e+01 2.046011161804199219e+01 2.446265792846679688e+01 3.185405921936035156e+01 4.300514221191406250e+01
1.639098548889160156e+01 1.550101470947265625e+01 1.500871372222900391e+01 1.353683662414550781e+01 1.192768096923828125e+01 1.142732906341552734e+01 1.072245121002197266e+01 9.294303894042968750e+00 9.023871421813964844e+00 8.619620323181152344e+00 7.974070072174072266e+00 7.671267032623291016e+00 7.286201477050781250e+00 7.233377933502197266e+00 8.417933464050292969e+00 8.928770065307617188e+00 1.032362365722656250e+01 1.216415882110595703e+01 1.496385765075683594e+01 1.960871505737304688e+01 2.493737602233886719e+01 3.338682174682617188e+01
2.402672386169433594e+01 2.235416793823242188e+01 2.053885459899902344e+01 1.893638420104980469e+01 1.738425827026367188e+01 1.609484672546386719e+01 1.509571266174316406e+01 1.440296459197998047e+01 1.338437366485595703e+01 1.297694301605224609e+01 1.238086318969726562e+01 1.209367752075195312e+01 1.160625743865966797e+01 1.137893486022949219e+01 1.184515285491943359e+01 1.181566524505615234e+01 1.274894714355468750e+01 1.416962909698486328e+01 1.544421195983886719e+01 1.868755722045898438e+01 2.090360641479492188e+01 2.844493865966796875e+01
1.979404640197753906e+01 1.825463104248046875e+01 1.874211883544921875e+01 1.427945804595947266e+01 1.462072372436523438e+01 1.217212772369384766e+01 1.197282314300537109e+01 1.125959110260009766e+01 9.694739341735839844e+00 9.964878082275390625e+00 9.057014465332031250e+00 8.487602233886718750e+00 7.826507091522216797e+00 7.876058101654052734e+00 7.911260604858398438e+00 7.260216712951660156e+00 8.445877075195312500e+00 9.821784019470214844e+00 1.098120307922363281e+01 1.356833171844482422e+01 1.765145301818847656e+01 2.311954116821289062e+01
2.571224594116210938e+01 2.598008537292480469e+01 2.409958839416503906e+01 2.197878456115722656e+01 1.930963134765625000e+01 1.806205558776855469e+01 1.645218276977539062e+01 1.488816547393798828e+01 1.411207294464111328e+01 1.317455768585205078e+01 1.175423622131347656e+01 1.113988399505615234e+01 1.075960254669189453e+01 1.002863407135009766e+01 9.549918174743652344e+00 9.370709419250488281e+00 9.070833206176757812e+00 9.436486244201660156e+00 9.835267066955566406e+00 1.079989719390869141e+01 1.309151077270507812e+01 1.622909927368164062e+01
2.798724555969238281e+01 3.014566612243652344e+01 2.723961067199707031e+01 2.554577064514160156e+01 2.151318359375000000e+01 1.879786491394042969e+01 1.691655158996582031e+01 1.508879566192626953e+01 1.378078174591064453e+01 1.340332984924316406e+01 1.215215587615966797e+01 1.026869678497314453e+01 9.597478866577148438e+00 8.741164207458496094e+00 8.691290855407714844e+00 8.182651519775390625e+00 8.356239318847656250e+00 9.231321334838867188e+00 9.296139717102050781e+00 1.028753376007080078e+01 1.172953510284423828e+01 1.438863468170166016e+01
4.212099075317382812e+01 3.999802398681640625e+01 3.667211914062500000e+01 3.353132247924804688e+01 3.083478164672851562e+01 2.800466918945312500e+01 2.576084899902343750e+01 2.380915069580078125e+01 2.167892265319824219e+01 2.009601593017578125e+01 1.856653213500976562e+01 1.728410339355468750e+01 1.611244010925292969e+01 1.513287639617919922e+01 1.434903812408447266e+01 1.219435024261474609e+01 1.368437480926513672e+01 1.337804412841796875e+01 1.391531848907470703e+01 1.439897632598876953e+01 1.529807090759277344e+01 1.740536308288574219e+01
3.893492889404296875e+01 3.531754684448242188e+01 3.228474807739257812e+01 2.961722564697265625e+01 2.702098846435546875e+01 2.422722816467285156e+01 2.208146476745605469e+01 2.080016326904296875e+01 1.898178672790527344e+01 1.745199394226074219e+01 1.619582748413085938e+01 1.441785430908203125e+01 1.407798862457275391e+01 1.339773273468017578e+01 1.290762901306152344e+01 1.231626796722412109e+01 1.127912139892578125e+01 1.212546920776367188e+01 1.277124309539794922e+01 1.341782283782958984e+01 1.450566291809082031e+01 1.645568847656250000e+01
3.806997299194335938e+01 3.391015243530273438e+01 3.192003250122070312e+01 2.884975051879882812e+01 2.611113548278808594e+01 2.312944984436035156e+01 2.115128707885742188e+01 2.038036727905273438e+01 1.819253349304199219e+01 1.587747573852539062e+01 1.500776576995849609e+01 1.380619144439697266e+01 1.291986370086669922e+01 1.232678699493408203e+01 1.186742401123046875e+01 1.159462261199951172e+01 1.194870853424072266e+01 1.183391857147216797e+01 1.261691570281982422e+01 1.374003791809082031e+01 1.403526592254638672e+01 1.396474742889404297e+01
4.381507110595703125e+01 4.077086639404296875e+01 3.752838897705078125e+01 3.430061721801757812e+01 3.150824356079101562e+01 2.955237579345703125e+01 2.729435157775878906e+01 2.519206619262695312e+01 2.329974365234375000e+01 2.141830444335937500e+01 1.967571830749511719e+01 1.828680610656738281e+01 1.677946472167968750e+01 1.551358318328857422e+01 1.444062995910644531e+01 1.377250289916992188e+01 1.333956050872802734e+01 1.265332412719726562e+01 1.283260250091552734e+01 1.405640220642089844e+01 1.468401050567626953e+01 1.645812225341796875e+01
