1.425677239894866943e-01
1.480943709611892700e-01
1.663304567337036133e-01
1.484728008508682251e-01
1.483190357685089111e-01
1.541746109724044800e-01
1.698403954505920410e-01
1.541489064693450928e-01
1.544924676418304443e-01
1.163636147975921631e-01
1.508435904979705811e-01
1.551831066608428955e-01
1.534530520439147949e-01
1.663825958967208862e-01
1.773723214864730835e-01
1.477919816970825195e-01
1.701270639896392822e-01
1.476035416126251221e-01
1.492713987827301025e-01
1.610045284032821655e-01
