1.447821408510208130e-01
1.565557718276977539e-01
1.576710343360900879e-01
1.524546891450881958e-01
1.501632630825042725e-01
1.506086438894271851e-01
1.698834896087646484e-01
1.558777391910552979e-01
1.561340540647506714e-01
1.105033010244369507e-01
1.486565768718719482e-01
1.521514356136322021e-01
1.627881824970245361e-01
1.533889621496200562e-01
1.757348626852035522e-01
1.506104767322540283e-01
1.697212457656860352e-01
1.521057486534118652e-01
1.449326276779174805e-01
1.646192371845245361e-01
