1.131467893719673157e-01
1.145712584257125854e-01
1.129870340228080750e-01
1.485090851783752441e-01
1.194519177079200745e-01
1.178855821490287781e-01
4.919936135411262512e-02
1.111226379871368408e-01
1.460804194211959839e-01
8.044316619634628296e-02
1.198423802852630615e-01
1.417726874351501465e-01
1.237342879176139832e-01
1.273509263992309570e-01
1.210091114044189453e-01
1.228858903050422668e-01
1.191080287098884583e-01
1.344162821769714355e-01
1.328219771385192871e-01
1.121867895126342773e-01
