2.135290205478668213e-01
2.026034891605377197e-01
2.378189861774444580e-01
3.111292719841003418e-01
2.394974380731582642e-01
2.298974394798278809e-01
7.004296779632568359e-02
2.432451099157333374e-01
2.552048265933990479e-01
5.345918610692024231e-02
2.172621041536331177e-01
2.154492735862731934e-01
2.162377089262008667e-01
2.947631776332855225e-01
2.481193840503692627e-01
2.401081621646881104e-01
2.565873563289642334e-01
2.660539746284484863e-01
2.281169146299362183e-01
2.268202304840087891e-01
