3.100296854972839355e-01
3.378228247165679932e-01
-9.994662366807460785e-03
-7.551869004964828491e-02
7.622189074754714966e-02
-2.317071110010147095e-01
5.380782485008239746e-01
1.384798288345336914e-01
-9.143038652837276459e-03
-6.251653432846069336e-01
2.246143221855163574e-01
6.867798417806625366e-02
-1.007577180862426758e-01
6.891788542270660400e-02
-1.993903517723083496e-01
1.304345428943634033e-01
-4.031483232975006104e-01
1.148863136768341064e-01
-2.512665092945098877e-01
2.012669742107391357e-01
