1.787773132324218750e+00
1.804100036621093750e+00
1.862286925315856934e+00
1.872846722602844238e+00
1.712090730667114258e+00
1.743022680282592773e+00
1.771538257598876953e+00
1.780939936637878418e+00
1.824391007423400879e+00
1.799881577491760254e+00
1.762504696846008301e+00
1.781237721443176270e+00
1.769948363304138184e+00
1.789133548736572266e+00
1.731059074401855469e+00
1.715983867645263672e+00
1.813226699829101562e+00
1.717392563819885254e+00
1.761293172836303711e+00
1.784578323364257812e+00
