2.499718666076660156e+00
2.390399217605590820e+00
2.323985099792480469e+00
2.266999721527099609e+00
2.300818204879760742e+00
2.218580245971679688e+00
2.286463975906372070e+00
2.301940202713012695e+00
2.388711214065551758e+00
2.274203300476074219e+00
2.308425903320312500e+00
2.378967761993408203e+00
2.289796590805053711e+00
2.336831092834472656e+00
2.310070753097534180e+00
2.412401437759399414e+00
2.396754264831542969e+00
2.189403772354125977e+00
2.269966602325439453e+00
2.236202716827392578e+00
