2.335892438888549805e+00
2.326750040054321289e+00
2.344809055328369141e+00
2.313111782073974609e+00
2.340434312820434570e+00
2.330336093902587891e+00
2.312801361083984375e+00
2.341315031051635742e+00
2.337198495864868164e+00
2.312374591827392578e+00
2.333856821060180664e+00
2.333869457244873047e+00
2.337906360626220703e+00
2.310828447341918945e+00
2.317865371704101562e+00
2.314054250717163086e+00
2.300982713699340820e+00
2.337057352066040039e+00
2.330916643142700195e+00
2.328253746032714844e+00
