3.125998973846435547e-01
2.769092023372650146e-01
-3.232866525650024414e-02
-3.912489395588636398e-03
1.347698718309402466e-01
-5.632055923342704773e-02
4.740570783615112305e-01
2.388530969619750977e-02
-1.328523308038711548e-01
-5.579708814620971680e-01
1.184528246521949768e-01
-3.018451109528541565e-02
-2.070113867521286011e-01
7.662946730852127075e-02
-2.568777501583099365e-01
1.624826341867446899e-01
-4.722143113613128662e-01
1.114993989467620850e-01
-2.617299854755401611e-01
1.980883777141571045e-01
