1.782130956649780273e+00
1.778689265251159668e+00
1.770271301269531250e+00
1.782844901084899902e+00
1.776188850402832031e+00
1.773186802864074707e+00
1.766518235206604004e+00
1.773450374603271484e+00
1.764897704124450684e+00
1.777692675590515137e+00
1.780596613883972168e+00
1.773181796073913574e+00
1.781588077545166016e+00
1.785428047180175781e+00
1.781976103782653809e+00
1.779817342758178711e+00
1.777898788452148438e+00
1.780570626258850098e+00
1.762457966804504395e+00
1.771871089935302734e+00
