3.502796292304992676e-01
-1.138175427913665771e-01
7.460843920707702637e-01
5.325269103050231934e-01
-7.219130545854568481e-02
2.139678299427032471e-01
-1.815679371356964111e-01
3.411010801792144775e-01
2.463563382625579834e-01
3.238117694854736328e-02
2.083819955587387085e-01
-2.655157148838043213e-01
-5.654726922512054443e-02
-3.033396601676940918e-01
-2.080372571945190430e-01
-3.140182197093963623e-01
5.231864377856254578e-02
-4.163172841072082520e-01
2.434603869915008545e-02
7.496729493141174316e-02
