6.103303222656250000e+02 1.138105712890625000e+03 1.986144042968750000e+03 3.221225097656250000e+03 5.010183593750000000e+03 7.612426269531250000e+03 1.004935253906250000e+04 1.380456250000000000e+04 1.697680664062500000e+04 1.946013085937500000e+04 1.947614062500000000e+04 1.839124804687500000e+04 1.656564843750000000e+04 1.466133105468750000e+04 1.258496289062500000e+04 1.088026074218750000e+04 9.169959960937500000e+03 7.822540527343750000e+03 6.791706054687500000e+03 5.960374511718750000e+03 5.470175292968750000e+03 5.390642089843750000e+03
1.241433486938476562e+02 9.831207275390625000e+01 7.839499664306640625e+01 6.300901412963867188e+01 5.028498077392578125e+01 3.975394821166992188e+01 3.072280502319335938e+01 2.435052871704101562e+01 1.993521308898925781e+01 1.794038391113281250e+01 1.749606704711914062e+01 1.918062591552734375e+01 3.102533531188964844e+01 1.718779144287109375e+02 7.681023559570312500e+02 7.106905517578125000e+02 6.044714355468750000e+02 4.655048217773437500e+02 3.813887329101562500e+02 3.054609680175781250e+02 2.657459106445312500e+02 2.335982208251953125e+02
1.257442169189453125e+02 1.012027816772460938e+02 8.210897827148437500e+01 6.729237365722656250e+01 5.484008407592773438e+01 4.424552154541015625e+01 3.560443496704101562e+01 2.860142707824707031e+01 2.323766899108886719e+01 1.855978393554687500e+01 1.586072349548339844e+01 1.432520294189453125e+01 1.459918594360351562e+01 1.692290878295898438e+01 3.228437423706054688e+01 2.667245788574218750e+02 7.765435180664062500e+02 6.817706298828125000e+02 5.573905639648437500e+02 4.443600463867187500e+02 3.657944030761718750e+02 3.076577148437500000e+02
1.235866088867187500e+02 9.857306671142578125e+01 7.958401489257812500e+01 6.458876037597656250e+01 5.201089859008789062e+01 4.144228363037109375e+01 3.291970062255859375e+01 2.595901870727539062e+01 2.072763061523437500e+01 1.698231506347656250e+01 1.418581771850585938e+01 1.231344223022460938e+01 1.084400939941406250e+01 1.048853588104248047e+01 1.059665870666503906e+01 1.516521072387695312e+01 6.871803283691406250e+01 6.307947387695312500e+02 7.521502075195312500e+02 6.514698486328125000e+02 5.291087036132812500e+02 4.189960021972656250e+02
1.268898315429687500e+02 1.023146591186523438e+02 8.322187805175781250e+01 6.802798461914062500e+01 5.516864013671875000e+01 4.437512588500976562e+01 3.563941574096679688e+01 2.891917419433593750e+01 2.378054237365722656e+01 1.971352577209472656e+01 1.650419235229492188e+01 1.409725952148437500e+01 1.231448936462402344e+01 1.101719760894775391e+01 1.027014923095703125e+01 1.049303531646728516e+01 1.296707057952880859e+01 4.303204345703125000e+01 5.383842773437500000e+02 7.881720581054687500e+02 7.015978393554687500e+02 5.790223999023437500e+02
1.250107269287109375e+02 1.001047058105468750e+02 8.106053161621093750e+01 6.600202941894531250e+01 5.330028915405273438e+01 4.274754333496093750e+01 3.394927215576171875e+01 2.680678749084472656e+01 2.138739967346191406e+01 1.725049972534179688e+01 1.387998485565185547e+01 1.128971862792968750e+01 9.160047531127929688e+00 7.635704517364501953e+00 6.500190258026123047e+00 5.969146251678466797e+00 6.305387020111083984e+00 1.053944587707519531e+01 1.523506011962890625e+02 8.505227050781250000e+02 9.086058349609375000e+02 7.912035522460937500e+02
1.251652755737304688e+02 1.004374771118164062e+02 8.085231018066406250e+01 6.627002716064453125e+01 5.205590057373046875e+01 4.105640029907226562e+01 3.244742584228515625e+01 2.564367294311523438e+01 2.041777610778808594e+01 1.650768089294433594e+01 1.324333190917968750e+01 1.085939884185791016e+01 8.818614006042480469e+00 7.449726581573486328e+00 6.378160953521728516e+00 5.885344028472900391e+00 6.428360462188720703e+00 9.214756011962890625e+00 6.124894714355468750e+01 1.215362182617187500e+03 1.276282348632812500e+03 1.121463500976562500e+03
1.228181381225585938e+02 9.757395172119140625e+01 7.744635772705078125e+01 6.127617645263671875e+01 4.877750396728515625e+01 3.899142074584960938e+01 3.109129905700683594e+01 2.511945724487304688e+01 2.002715873718261719e+01 1.612843322753906250e+01 1.292613983154296875e+01 1.036467075347900391e+01 8.379113197326660156e+00 6.699469566345214844e+00 5.752196311950683594e+00 5.189508914947509766e+00 5.283745288848876953e+00 6.698399066925048828e+00 2.780228424072265625e+01 1.845617065429687500e+03 1.894224121093750000e+03 1.630782104492187500e+03
1.253615722656250000e+02 1.006108627319335938e+02 8.075128173828125000e+01 6.454175567626953125e+01 5.154779815673828125e+01 4.151102447509765625e+01 3.307627105712890625e+01 2.654990005493164062e+01 2.108386421203613281e+01 1.706368637084960938e+01 1.367787742614746094e+01 1.060059928894042969e+01 8.655752182006835938e+00 7.034948825836181641e+00 5.985541343688964844e+00 5.497354984283447266e+00 5.410242557525634766e+00 6.459462165832519531e+00 2.081039237976074219e+01 2.689282958984375000e+03 2.895870605468750000e+03 2.472938476562500000e+03
1.330976562500000000e+02 1.059897308349609375e+02 8.435935974121093750e+01 6.769657135009765625e+01 5.443563079833984375e+01 4.346813583374023438e+01 3.508249282836914062e+01 2.824172019958496094e+01 2.157813262939453125e+01 1.835243797302246094e+01 1.488462543487548828e+01 1.194334793090820312e+01 9.625670433044433594e+00 8.085411071777343750e+00 6.897309780120849609e+00 6.326539039611816406e+00 6.320794105529785156e+00 6.155149936676025391e+00 1.726837921142578125e+01 3.621619873046875000e+03 4.255430664062500000e+03 3.742486816406250000e+03
1.714069824218750000e+02 1.416376037597656250e+02 1.106519699096679688e+02 8.420092773437500000e+01 6.328277587890625000e+01 4.908226776123046875e+01 3.967247772216796875e+01 3.145080757141113281e+01 2.559076118469238281e+01 2.017103767395019531e+01 1.655887413024902344e+01 1.339017486572265625e+01 1.110631084442138672e+01 9.368000030517578125e+00 8.384028434753417969e+00 8.003338813781738281e+00 8.654468536376953125e+00 9.467605590820312500e+00 1.683115005493164062e+01 4.190022460937500000e+03 5.124388183593750000e+03 4.801497070312500000e+03
2.103411865234375000e+02 1.855391693115234375e+02 1.597466278076171875e+02 1.334983215332031250e+02 1.090322494506835938e+02 8.831864166259765625e+01 7.061766815185546875e+01 5.640618133544921875e+01 4.420863723754882812e+01 3.466989135742187500e+01 2.753369712829589844e+01 2.185866355895996094e+01 1.858366966247558594e+01 1.321052932739257812e+01 1.090802478790283203e+01 9.745144844055175781e+00 9.923460960388183594e+00 9.147317886352539062e+00 1.694368362426757812e+01 4.484565917968750000e+03 5.684499023437500000e+03 5.514873046875000000e+03
2.267108764648437500e+02 2.051497802734375000e+02 1.808695068359375000e+02 1.553726348876953125e+02 1.277666702270507812e+02 9.948831939697265625e+01 7.566302490234375000e+01 5.777453994750976562e+01 4.424133682250976562e+01 3.627730560302734375e+01 2.825867080688476562e+01 2.288167381286621094e+01 1.899891662597656250e+01 1.464502143859863281e+01 1.150239849090576172e+01 1.032734775543212891e+01 9.213179588317871094e+00 9.915928840637207031e+00 1.918121337890625000e+01 4.620236328125000000e+03 6.122887695312500000e+03 6.241037597656250000e+03
