9.460895061492919922e-01
9.488466382026672363e-01
9.491892457008361816e-01
9.488590359687805176e-01
9.496039748191833496e-01
9.509677290916442871e-01
9.515480399131774902e-01
9.530912637710571289e-01
9.541454911231994629e-01
9.539499878883361816e-01
9.547832012176513672e-01
9.559181332588195801e-01
9.562234282493591309e-01
9.575638175010681152e-01
9.588549733161926270e-01
9.574791789054870605e-01
9.575355052947998047e-01
9.598102569580078125e-01
9.608575105667114258e-01
9.620222449302673340e-01
9.624772071838378906e-01
9.618994593620300293e-01
9.618781805038452148e-01
9.628192186355590820e-01
9.626610875129699707e-01
9.632757306098937988e-01
9.644156098365783691e-01
9.650906920433044434e-01
9.644775986671447754e-01
9.652145504951477051e-01
9.653223156929016113e-01
9.662584662437438965e-01
9.666339755058288574e-01
9.670605063438415527e-01
9.672662019729614258e-01
9.660009741783142090e-01
9.666199684143066406e-01
9.681894183158874512e-01
9.687928557395935059e-01
9.693033099174499512e-01
9.705983400344848633e-01
9.710147380828857422e-01
9.705337882041931152e-01
9.704291820526123047e-01
9.702848196029663086e-01
9.705919623374938965e-01
9.710538983345031738e-01
9.711892604827880859e-01
9.726327657699584961e-01
9.748087525367736816e-01
9.765891432762145996e-01
9.781873822212219238e-01
9.795473217964172363e-01
9.805235862731933594e-01
9.824553728103637695e-01
9.810526371002197266e-01
9.827804565429687500e-01
9.825195074081420898e-01
9.834821820259094238e-01
9.831127524375915527e-01
9.834594726562500000e-01
9.824254512786865234e-01
9.840822219848632812e-01
9.835947751998901367e-01
9.823043942451477051e-01
9.826321005821228027e-01
9.830996990203857422e-01
9.834743738174438477e-01
9.852436184883117676e-01
9.850831031799316406e-01
9.856302738189697266e-01
9.864079952239990234e-01
9.857987761497497559e-01
9.867315292358398438e-01
9.873825907707214355e-01
9.882347583770751953e-01
9.889534711837768555e-01
9.898331761360168457e-01
9.915882349014282227e-01
9.931231141090393066e-01
9.931703805923461914e-01
9.922820329666137695e-01
9.941194057464599609e-01
9.952106475830078125e-01
9.959341287612915039e-01
9.960677623748779297e-01
9.972022175788879395e-01
9.977466464042663574e-01
9.972962737083435059e-01
9.978851079940795898e-01
9.993178248405456543e-01
9.985988736152648926e-01
1.000664949417114258e+00
1.000575423240661621e+00
1.000962853431701660e+00
1.001585602760314941e+00
1.003038048744201660e+00
1.003277778625488281e+00
1.002734541893005371e+00
1.001176595687866211e+00
1.000321507453918457e+00
9.993216395378112793e-01
1.000863671302795410e+00
1.001378417015075684e+00
1.001266717910766602e+00
1.001359105110168457e+00
1.001073002815246582e+00
1.001054167747497559e+00
1.000577330589294434e+00
1.001329898834228516e+00
1.000862479209899902e+00
1.001458644866943359e+00
1.002642393112182617e+00
1.003087878227233887e+00
1.003878116607666016e+00
1.005178928375244141e+00
1.005862355232238770e+00
1.005902647972106934e+00
1.006268024444580078e+00
1.005962729454040527e+00
1.007053971290588379e+00
1.005232930183410645e+00
1.005472302436828613e+00
1.007806897163391113e+00
1.008619904518127441e+00
1.008088231086730957e+00
1.006748080253601074e+00
1.006011486053466797e+00
1.006270527839660645e+00
1.007393002510070801e+00
1.007832646369934082e+00
1.008333683013916016e+00
1.008311748504638672e+00
1.008756518363952637e+00
1.007831096649169922e+00
1.008242249488830566e+00
1.007580399513244629e+00
1.008512258529663086e+00
1.006956934928894043e+00
1.006932020187377930e+00
1.006855249404907227e+00
1.008362770080566406e+00
1.009945034980773926e+00
1.010632157325744629e+00
1.011646866798400879e+00
1.011446118354797363e+00
1.011068940162658691e+00
1.010981559753417969e+00
1.011170625686645508e+00
1.012833595275878906e+00
1.013658165931701660e+00
1.013897538185119629e+00
1.013324141502380371e+00
1.012600779533386230e+00
1.013233661651611328e+00
1.012284994125366211e+00
1.011888504028320312e+00
1.011256933212280273e+00
1.012619376182556152e+00
1.013236880302429199e+00
1.013915181159973145e+00
1.014453649520874023e+00
1.014202356338500977e+00
1.014653444290161133e+00
1.014057517051696777e+00
1.015657782554626465e+00
1.014827489852905273e+00
1.015890717506408691e+00
1.013917207717895508e+00
1.015452623367309570e+00
1.015804171562194824e+00
1.017272591590881348e+00
1.016724586486816406e+00
1.017172098159790039e+00
1.017540812492370605e+00
1.017953872680664062e+00
1.017807841300964355e+00
1.018074989318847656e+00
1.017815351486206055e+00
1.018690109252929688e+00
1.019223928451538086e+00
1.020066618919372559e+00
1.020168185234069824e+00
1.019585013389587402e+00
1.020331263542175293e+00
1.019848465919494629e+00
1.020434498786926270e+00
1.019038438796997070e+00
1.019187927246093750e+00
1.019114971160888672e+00
1.019009828567504883e+00
1.018293976783752441e+00
1.018604874610900879e+00
1.019390463829040527e+00
1.019736528396606445e+00
1.019124031066894531e+00
1.020779609680175781e+00
1.021549940109252930e+00
1.021162390708923340e+00
1.021515369415283203e+00
1.021241307258605957e+00
1.021404027938842773e+00
1.021620512008666992e+00
1.020985364913940430e+00
1.020130872726440430e+00
1.019311666488647461e+00
1.020130634307861328e+00
1.020854711532592773e+00
1.019664406776428223e+00
1.020569801330566406e+00
1.020231246948242188e+00
1.020861148834228516e+00
1.021394968032836914e+00
1.021765232086181641e+00
1.023335933685302734e+00
1.023970484733581543e+00
1.024368524551391602e+00
1.024569988250732422e+00
1.024551391601562500e+00
1.025429010391235352e+00
1.026543140411376953e+00
1.028373241424560547e+00
1.027977228164672852e+00
1.029417395591735840e+00
1.029718875885009766e+00
1.030045509338378906e+00
1.030272483825683594e+00
1.029422283172607422e+00
1.030144453048706055e+00
1.031324148178100586e+00
1.031900167465209961e+00
1.032102823257446289e+00
1.032214879989624023e+00
1.032857060432434082e+00
1.034540653228759766e+00
1.035667538642883301e+00
1.034889101982116699e+00
1.034930348396301270e+00
1.035596013069152832e+00
1.035644650459289551e+00
1.036509513854980469e+00
1.037357926368713379e+00
1.038446426391601562e+00
1.037897109985351562e+00
1.037053585052490234e+00
1.038323163986206055e+00
1.040667176246643066e+00
1.040099143981933594e+00
1.040247440338134766e+00
1.039554715156555176e+00
1.041545748710632324e+00
1.041728496551513672e+00
1.042289018630981445e+00
1.042708277702331543e+00
1.042539715766906738e+00
1.043922781944274902e+00
1.043480396270751953e+00
1.043823480606079102e+00
1.044292211532592773e+00
1.046217560768127441e+00
1.046343445777893066e+00
1.047396540641784668e+00
1.046995520591735840e+00
1.047685623168945312e+00
1.046712398529052734e+00
1.045663952827453613e+00
1.045435190200805664e+00
1.045973181724548340e+00
1.045362949371337891e+00
1.046021103858947754e+00
1.045820713043212891e+00
1.046556591987609863e+00
1.046709418296813965e+00
1.047722578048706055e+00
1.048650145530700684e+00
1.048674345016479492e+00
1.048162102699279785e+00
1.047145605087280273e+00
1.047028064727783203e+00
1.048133611679077148e+00
1.049521923065185547e+00
1.050542950630187988e+00
1.051057338714599609e+00
1.050940752029418945e+00
1.052145481109619141e+00
1.050534009933471680e+00
1.050794243812561035e+00
1.050337433815002441e+00
1.049514889717102051e+00
1.049845457077026367e+00
1.049646496772766113e+00
1.049054145812988281e+00
1.048612356185913086e+00
1.047878146171569824e+00
1.048331737518310547e+00
1.047412157058715820e+00
1.047307729721069336e+00
1.047485947608947754e+00
1.048192024230957031e+00
1.047512292861938477e+00
1.047334790229797363e+00
1.050451397895812988e+00
1.050883769989013672e+00
1.050263166427612305e+00
1.051699161529541016e+00
1.050592899322509766e+00
1.051934599876403809e+00
1.051976680755615234e+00
1.051389098167419434e+00
1.050683617591857910e+00
1.050244212150573730e+00
1.052264094352722168e+00
1.051396489143371582e+00
1.050588726997375488e+00
1.051627755165100098e+00
1.052292585372924805e+00
1.051337957382202148e+00
1.053148031234741211e+00
1.054424405097961426e+00
1.053769707679748535e+00
1.054224014282226562e+00
1.055098176002502441e+00
1.056085586547851562e+00
1.054731726646423340e+00
1.056125044822692871e+00
1.056161522865295410e+00
1.055879712104797363e+00
1.056347489356994629e+00
1.056573510169982910e+00
1.056575775146484375e+00
1.057217955589294434e+00
1.059610247611999512e+00
1.061308383941650391e+00
1.061438083648681641e+00
1.060510754585266113e+00
1.062541484832763672e+00
1.063278079032897949e+00
1.063603162765502930e+00
1.061662793159484863e+00
1.061851739883422852e+00
1.062726855278015137e+00
1.061578154563903809e+00
1.061710357666015625e+00
1.062499761581420898e+00
1.061236500740051270e+00
1.061148643493652344e+00
1.059936523437500000e+00
1.058922767639160156e+00
1.059543609619140625e+00
1.057800769805908203e+00
1.057195425033569336e+00
1.057677745819091797e+00
1.057412266731262207e+00
1.058279991149902344e+00
1.057761549949645996e+00
1.058094263076782227e+00
1.057677626609802246e+00
1.058136582374572754e+00
1.059276461601257324e+00
1.059186935424804688e+00
1.059196472167968750e+00
1.060224533081054688e+00
1.061398744583129883e+00
1.062305092811584473e+00
1.062695503234863281e+00
1.063730239868164062e+00
1.063770532608032227e+00
1.065095067024230957e+00
1.065881371498107910e+00
1.066896796226501465e+00
1.067093729972839355e+00
1.068695425987243652e+00
1.070656418800354004e+00
1.071555495262145996e+00
1.072306275367736816e+00
1.071475744247436523e+00
1.071508765220642090e+00
1.071351885795593262e+00
1.069356322288513184e+00
1.068735003471374512e+00
1.068887591361999512e+00
1.070335865020751953e+00
1.071473956108093262e+00
1.070326209068298340e+00
1.069075584411621094e+00
1.068454265594482422e+00
1.070570945739746094e+00
1.069737553596496582e+00
1.069230437278747559e+00
1.069819450378417969e+00
1.069714188575744629e+00
1.070442795753479004e+00
1.070105195045471191e+00
1.070996403694152832e+00
1.071585178375244141e+00
1.071622490882873535e+00
1.070452332496643066e+00
1.070698499679565430e+00
1.070832610130310059e+00
1.070523142814636230e+00
1.070794939994812012e+00
1.069407343864440918e+00
1.068824410438537598e+00
1.069256782531738281e+00
1.070031523704528809e+00
1.068266510963439941e+00
1.068082690238952637e+00
1.068088054656982422e+00
1.070967316627502441e+00
1.070747375488281250e+00
1.072037577629089355e+00
1.072577357292175293e+00
1.073216319084167480e+00
1.074409723281860352e+00
1.072842597961425781e+00
1.072846889495849609e+00
1.072710990905761719e+00
1.071913719177246094e+00
1.073037266731262207e+00
1.071327805519104004e+00
1.071610212326049805e+00
1.072574615478515625e+00
1.073395609855651855e+00
1.072895646095275879e+00
1.071776866912841797e+00
1.072574734687805176e+00
1.072939038276672363e+00
1.074047803878784180e+00
1.072482824325561523e+00
1.072578907012939453e+00
1.073339104652404785e+00
1.074068307876586914e+00
1.072422504425048828e+00
1.073427081108093262e+00
1.075294971466064453e+00
1.074956417083740234e+00
1.075206637382507324e+00
1.075600504875183105e+00
1.075611114501953125e+00
1.074919462203979492e+00
1.074221253395080566e+00
1.072053909301757812e+00
1.071520924568176270e+00
1.071432232856750488e+00
1.070928812026977539e+00
1.071794152259826660e+00
1.071282744407653809e+00
1.070433974266052246e+00
1.071019649505615234e+00
1.070952177047729492e+00
1.071253299713134766e+00
1.071327924728393555e+00
1.071639060974121094e+00
1.071877956390380859e+00
1.070497870445251465e+00
1.070827841758728027e+00
1.071275711059570312e+00
1.069415926933288574e+00
1.069736957550048828e+00
1.069085478782653809e+00
1.069245338439941406e+00
1.069077134132385254e+00
1.069221138954162598e+00
1.068368673324584961e+00
1.068122625350952148e+00
1.067068934440612793e+00
1.066850185394287109e+00
1.069249391555786133e+00
1.068668484687805176e+00
1.067098617553710938e+00
1.067838430404663086e+00
1.066854596138000488e+00
1.067142367362976074e+00
1.066391229629516602e+00
1.066708564758300781e+00
1.067752957344055176e+00
1.067766189575195312e+00
1.068570017814636230e+00
1.068716764450073242e+00
1.068599820137023926e+00
1.067991137504577637e+00
1.069064259529113770e+00
1.067816734313964844e+00
1.067689180374145508e+00
1.066142201423645020e+00
1.065812230110168457e+00
1.064749002456665039e+00
1.064590930938720703e+00
1.064027428627014160e+00
1.063404083251953125e+00
1.062368869781494141e+00
1.062866091728210449e+00
1.062803626060485840e+00
1.062899589538574219e+00
1.062223196029663086e+00
1.061727523803710938e+00
1.061630010604858398e+00
1.060868144035339355e+00
1.060181617736816406e+00
1.059313178062438965e+00
1.058502078056335449e+00
1.058947443962097168e+00
1.059548377990722656e+00
1.059139966964721680e+00
1.060957312583923340e+00
1.061179995536804199e+00
1.061144351959228516e+00
1.060642600059509277e+00
1.061651229858398438e+00
1.061020493507385254e+00
1.060719490051269531e+00
1.061522364616394043e+00
1.060873389244079590e+00
1.062240839004516602e+00
1.062800407409667969e+00
1.063853144645690918e+00
1.063117146492004395e+00
1.062473058700561523e+00
1.063136100769042969e+00
1.062707781791687012e+00
1.063679218292236328e+00
1.063802957534790039e+00
1.064253568649291992e+00
1.064604401588439941e+00
1.065300822257995605e+00
1.065999269485473633e+00
1.065740466117858887e+00
1.065277457237243652e+00
1.066142916679382324e+00
1.065474510192871094e+00
1.065377473831176758e+00
1.065362811088562012e+00
1.065948367118835449e+00
1.065801143646240234e+00
1.067150592803955078e+00
1.068183660507202148e+00
1.068091869354248047e+00
1.069093823432922363e+00
1.070995330810546875e+00
1.070840835571289062e+00
1.069177269935607910e+00
1.069620490074157715e+00
1.070346355438232422e+00
1.070070385932922363e+00
1.068874835968017578e+00
1.069603681564331055e+00
1.067710041999816895e+00
1.069524526596069336e+00
1.070455789566040039e+00
1.069455742835998535e+00
1.068795680999755859e+00
1.068277001380920410e+00
1.070400357246398926e+00
1.071290612220764160e+00
1.071213006973266602e+00
1.070602893829345703e+00
1.069448232650756836e+00
1.069019198417663574e+00
1.069171071052551270e+00
1.067768573760986328e+00
1.068269848823547363e+00
1.068690538406372070e+00
1.068514704704284668e+00
1.068416833877563477e+00
1.068820714950561523e+00
1.070104002952575684e+00
1.069850683212280273e+00
1.068876147270202637e+00
1.069187521934509277e+00
1.069020509719848633e+00
1.069333791732788086e+00
1.069141745567321777e+00
1.068389415740966797e+00
1.068609118461608887e+00
1.068479299545288086e+00
1.069347858428955078e+00
1.070610284805297852e+00
1.070965528488159180e+00
1.072072744369506836e+00
1.072436094284057617e+00
1.071507811546325684e+00
1.071678400039672852e+00
1.071689128875732422e+00
1.072703361511230469e+00
1.073588490486145020e+00
1.073746442794799805e+00
1.073770523071289062e+00
1.073617935180664062e+00
1.074134469032287598e+00
1.076195001602172852e+00
1.076487302780151367e+00
1.076902270317077637e+00
1.078671693801879883e+00
1.080282688140869141e+00
1.081537008285522461e+00
1.079987645149230957e+00
1.079798102378845215e+00
1.077982902526855469e+00
1.076995611190795898e+00
1.076865434646606445e+00
1.077587485313415527e+00
1.078687191009521484e+00
1.078044891357421875e+00
1.079148530960083008e+00
1.079188585281372070e+00
1.079298377037048340e+00
1.079532623291015625e+00
1.077946066856384277e+00
1.077286481857299805e+00
1.078086256980895996e+00
1.077379345893859863e+00
1.077824831008911133e+00
1.080165743827819824e+00
1.081884503364562988e+00
1.082993388175964355e+00
1.081434369087219238e+00
1.081439495086669922e+00
1.081819057464599609e+00
1.082531690597534180e+00
1.081249475479125977e+00
1.080471992492675781e+00
1.079497098922729492e+00
1.079041481018066406e+00
1.078797221183776855e+00
1.078711748123168945e+00
1.078532338142395020e+00
1.077655673027038574e+00
1.076530456542968750e+00
1.077041983604431152e+00
1.077427387237548828e+00
1.076864242553710938e+00
1.076912522315979004e+00
1.076533555984497070e+00
1.075400590896606445e+00
1.074704289436340332e+00
1.074700951576232910e+00
1.075205802917480469e+00
1.076183319091796875e+00
1.076703906059265137e+00
1.076138734817504883e+00
1.076230406761169434e+00
1.074880838394165039e+00
1.074547529220581055e+00
1.074036836624145508e+00
1.073330402374267578e+00
1.072574853897094727e+00
1.073373436927795410e+00
1.075029134750366211e+00
1.074744582176208496e+00
1.073652982711791992e+00
1.073704004287719727e+00
1.072566270828247070e+00
1.072375416755676270e+00
1.072530984878540039e+00
1.070503115653991699e+00
1.070918798446655273e+00
1.071936726570129395e+00
1.073262333869934082e+00
1.075461506843566895e+00
1.074696421623229980e+00
1.074047684669494629e+00
1.073765635490417480e+00
1.072942972183227539e+00
1.073153734207153320e+00
1.073347091674804688e+00
1.073714971542358398e+00
1.073614120483398438e+00
1.074143171310424805e+00
1.073691368103027344e+00
1.073847770690917969e+00
1.073855400085449219e+00
1.074672937393188477e+00
1.074497342109680176e+00
1.075323581695556641e+00
1.075716376304626465e+00
1.077672719955444336e+00
1.078135132789611816e+00
1.079471707344055176e+00
1.079905390739440918e+00
1.079420328140258789e+00
1.080224275588989258e+00
1.079800128936767578e+00
1.078009009361267090e+00
1.079018712043762207e+00
1.079373478889465332e+00
1.080161929130554199e+00
1.079653978347778320e+00
1.080067396163940430e+00
1.080198168754577637e+00
1.080160498619079590e+00
1.080644607543945312e+00
1.079981327056884766e+00
1.079737901687622070e+00
1.079387784004211426e+00
1.079664230346679688e+00
1.081073641777038574e+00
1.081664562225341797e+00
1.081933498382568359e+00
1.080933570861816406e+00
1.079264521598815918e+00
1.079278111457824707e+00
1.079060196876525879e+00
1.080169796943664551e+00
1.079940795898437500e+00
1.079458117485046387e+00
1.080751776695251465e+00
1.082942485809326172e+00
1.083241701126098633e+00
1.082653164863586426e+00
1.082055926322937012e+00
1.083632826805114746e+00
1.083895564079284668e+00
1.083836555480957031e+00
1.083523273468017578e+00
1.084429383277893066e+00
1.085579395294189453e+00
1.083555102348327637e+00
1.081254959106445312e+00
1.082947850227355957e+00
1.084227561950683594e+00
1.084549188613891602e+00
1.084791421890258789e+00
1.084619402885437012e+00
1.083751559257507324e+00
1.084098696708679199e+00
1.085528969764709473e+00
1.085413932800292969e+00
1.085401654243469238e+00
1.087398767471313477e+00
1.086767673492431641e+00
1.087739467620849609e+00
1.087561249732971191e+00
1.087580084800720215e+00
1.087691307067871094e+00
1.087619304656982422e+00
1.088355302810668945e+00
1.087313890457153320e+00
1.085964083671569824e+00
1.086253523826599121e+00
1.087104797363281250e+00
1.086262464523315430e+00
1.087635755538940430e+00
1.088194608688354492e+00
1.088689923286437988e+00
1.088273763656616211e+00
1.086223006248474121e+00
1.084954857826232910e+00
1.084816098213195801e+00
1.083994150161743164e+00
1.084957718849182129e+00
1.086926102638244629e+00
1.086626768112182617e+00
1.087124824523925781e+00
1.087519526481628418e+00
1.087781667709350586e+00
1.089659571647644043e+00
1.090590834617614746e+00
1.090389847755432129e+00
1.089973092079162598e+00
1.089555978775024414e+00
1.090494036674499512e+00
1.090768456459045410e+00
1.089829802513122559e+00
1.090123891830444336e+00
1.089531660079956055e+00
1.088727951049804688e+00
1.089247465133666992e+00
1.089887022972106934e+00
1.091909885406494141e+00
1.092500686645507812e+00
1.092106461524963379e+00
1.092307209968566895e+00
1.092158913612365723e+00
1.091612219810485840e+00
1.093170881271362305e+00
1.092879176139831543e+00
1.092114448547363281e+00
1.091458797454833984e+00
1.091240644454956055e+00
1.091788649559020996e+00
1.091446280479431152e+00
1.089853048324584961e+00
1.090873599052429199e+00
1.091742515563964844e+00
1.090655088424682617e+00
1.092147827148437500e+00
1.090826749801635742e+00
1.092645525932312012e+00
1.091515064239501953e+00
1.092361092567443848e+00
1.094549417495727539e+00
1.093943953514099121e+00
1.095184922218322754e+00
1.094014644622802734e+00
1.094923257827758789e+00
1.094843506813049316e+00
1.094680309295654297e+00
1.094869732856750488e+00
1.096111416816711426e+00
1.095928072929382324e+00
1.096517682075500488e+00
1.094922780990600586e+00
1.095075488090515137e+00
1.094712138175964355e+00
1.094106793403625488e+00
1.093325138092041016e+00
1.093764543533325195e+00
1.094751477241516113e+00
1.093605518341064453e+00
1.093192458152770996e+00
1.092728734016418457e+00
1.092457771301269531e+00
1.092916846275329590e+00
1.092907547950744629e+00
1.092785954475402832e+00
1.094125509262084961e+00
1.095863461494445801e+00
1.095169425010681152e+00
1.094793081283569336e+00
1.095389604568481445e+00
1.094045519828796387e+00
1.093954801559448242e+00
1.094993829727172852e+00
1.095394015312194824e+00
1.094757914543151855e+00
1.094657897949218750e+00
1.095690250396728516e+00
1.094671726226806641e+00
1.094963908195495605e+00
1.093949317932128906e+00
1.093376278877258301e+00
1.092444300651550293e+00
1.093593716621398926e+00
1.094236612319946289e+00
1.094999432563781738e+00
1.095079421997070312e+00
1.095724344253540039e+00
1.097009181976318359e+00
1.095297098159790039e+00
1.095797777175903320e+00
1.094064235687255859e+00
1.093665242195129395e+00
1.094532966613769531e+00
1.093373537063598633e+00
1.093179583549499512e+00
1.092480659484863281e+00
1.093868613243103027e+00
1.093980073928833008e+00
1.093974113464355469e+00
1.093711376190185547e+00
1.093016624450683594e+00
1.092164635658264160e+00
1.092688083648681641e+00
1.092416286468505859e+00
1.090955495834350586e+00
1.091342210769653320e+00
1.091933488845825195e+00
1.092045187950134277e+00
1.092807769775390625e+00
1.091816663742065430e+00
1.093118309974670410e+00
1.090568065643310547e+00
1.092114090919494629e+00
1.091467857360839844e+00
1.089753866195678711e+00
1.090528726577758789e+00
1.091022968292236328e+00
1.090797781944274902e+00
1.091780781745910645e+00
1.091478109359741211e+00
1.091647863388061523e+00
1.091431379318237305e+00
1.092046022415161133e+00
1.093312621116638184e+00
1.092930674552917480e+00
1.093855500221252441e+00
1.094888448715209961e+00
1.095914483070373535e+00
1.096956014633178711e+00
1.096938133239746094e+00
1.097698450088500977e+00
1.097873449325561523e+00
1.098639369010925293e+00
1.099537134170532227e+00
1.100131273269653320e+00
1.100622653961181641e+00
1.101394653320312500e+00
1.101202607154846191e+00
1.101425170898437500e+00
1.102451801300048828e+00
1.100986838340759277e+00
1.099056005477905273e+00
1.098755002021789551e+00
1.097286105155944824e+00
1.096590876579284668e+00
1.097829222679138184e+00
1.097662329673767090e+00
1.097409963607788086e+00
1.099253773689270020e+00
1.098737716674804688e+00
1.098797082901000977e+00
1.100005030632019043e+00
1.100719809532165527e+00
1.101200222969055176e+00
1.102777957916259766e+00
1.102037191390991211e+00
1.099585175514221191e+00
1.098933935165405273e+00
1.098276257514953613e+00
1.098153829574584961e+00
1.098715901374816895e+00
1.097535371780395508e+00
1.095629334449768066e+00
1.095467686653137207e+00
1.096177458763122559e+00
1.097318291664123535e+00
1.098988056182861328e+00
1.098527431488037109e+00
1.098934173583984375e+00
1.099662423133850098e+00
1.098565816879272461e+00
1.098762750625610352e+00
1.100867033004760742e+00
1.099938273429870605e+00
1.099459648132324219e+00
1.100473523139953613e+00
1.101049780845642090e+00
1.099856853485107422e+00
1.097532153129577637e+00
1.098598361015319824e+00
1.101032972335815430e+00
1.100428104400634766e+00
1.099186658859252930e+00
1.098866581916809082e+00
1.098235845565795898e+00
1.098292469978332520e+00
1.099532723426818848e+00
1.099380254745483398e+00
1.098723173141479492e+00
1.099418282508850098e+00
1.099526286125183105e+00
1.101054430007934570e+00
1.100845336914062500e+00
1.101217865943908691e+00
1.103249430656433105e+00
1.103841662406921387e+00
1.105223298072814941e+00
1.105125904083251953e+00
1.104942798614501953e+00
1.102779746055603027e+00
1.102332830429077148e+00
1.102386593818664551e+00
1.104354262351989746e+00
1.103947281837463379e+00
1.104606866836547852e+00
1.104281663894653320e+00
1.103091239929199219e+00
1.103858709335327148e+00
1.103161931037902832e+00
1.102540850639343262e+00
1.102070808410644531e+00
1.100456953048706055e+00
1.099675178527832031e+00
1.100314855575561523e+00
1.099470973014831543e+00
1.099206924438476562e+00
1.099579215049743652e+00
1.100144624710083008e+00
1.099880814552307129e+00
1.099697828292846680e+00
1.099184393882751465e+00
1.098707079887390137e+00
1.101229310035705566e+00
1.101621508598327637e+00
1.103256225585937500e+00
1.102059483528137207e+00
1.100111365318298340e+00
1.099309682846069336e+00
1.099498391151428223e+00
1.100179672241210938e+00
1.100543498992919922e+00
1.099686861038208008e+00
1.100269675254821777e+00
1.099950671195983887e+00
1.098994255065917969e+00
1.099317908287048340e+00
1.100677490234375000e+00
1.101416945457458496e+00
1.102184772491455078e+00
1.104034304618835449e+00
1.104967713356018066e+00
1.105057716369628906e+00
1.105705261230468750e+00
1.104742050170898438e+00
1.103885769844055176e+00
1.105246305465698242e+00
1.104956865310668945e+00
1.104674816131591797e+00
1.103375315666198730e+00
1.103354811668395996e+00
1.104172229766845703e+00
1.104770779609680176e+00
1.104665637016296387e+00
1.103547453880310059e+00
1.102207660675048828e+00
1.102190613746643066e+00
1.101405382156372070e+00
1.101465940475463867e+00
1.099818825721740723e+00
1.100463628768920898e+00
1.099833011627197266e+00
1.099308133125305176e+00
1.099575996398925781e+00
1.099833250045776367e+00
1.100701093673706055e+00
1.100594282150268555e+00
1.099839568138122559e+00
1.100424528121948242e+00
1.102262854576110840e+00
1.102604269981384277e+00
1.103629589080810547e+00
1.103930592536926270e+00
1.104060769081115723e+00
1.103886604309082031e+00
1.105237364768981934e+00
1.103979468345642090e+00
1.104767203330993652e+00
1.104258537292480469e+00
1.103922486305236816e+00
1.104004979133605957e+00
1.103655576705932617e+00
1.104122877120971680e+00
1.104910254478454590e+00
1.104565739631652832e+00
1.104206204414367676e+00
1.102980375289916992e+00
1.103590130805969238e+00
1.103200793266296387e+00
1.104202747344970703e+00
1.103084683418273926e+00
1.104693055152893066e+00
1.105868339538574219e+00
1.104370355606079102e+00
1.104281425476074219e+00
1.103439569473266602e+00
1.102712988853454590e+00
1.104017019271850586e+00
1.103403449058532715e+00
1.103327274322509766e+00
1.104272246360778809e+00
1.104122519493103027e+00
1.104221582412719727e+00
1.103185296058654785e+00
1.102777838706970215e+00
1.103080511093139648e+00
1.102356791496276855e+00
1.103409528732299805e+00
1.103053569793701172e+00
1.101683020591735840e+00
1.103000998497009277e+00
1.103706240653991699e+00
1.103124380111694336e+00
1.104294538497924805e+00
1.104120373725891113e+00
1.105907201766967773e+00
1.105358123779296875e+00
1.104878664016723633e+00
1.104438304901123047e+00
1.104318499565124512e+00
1.104568600654602051e+00
1.103998661041259766e+00
1.103606343269348145e+00
1.103579401969909668e+00
1.103573560714721680e+00
1.105643630027770996e+00
1.105340480804443359e+00
1.105354547500610352e+00
1.105262517929077148e+00
1.105881571769714355e+00
1.105357885360717773e+00
1.105626940727233887e+00
1.107644319534301758e+00
1.107538223266601562e+00
1.107658743858337402e+00
1.108163118362426758e+00
1.107591152191162109e+00
1.108813047409057617e+00
1.109054565429687500e+00
1.109835386276245117e+00
1.111577272415161133e+00
1.110498785972595215e+00
1.110516309738159180e+00
1.110406994819641113e+00
1.109838962554931641e+00
1.110963463783264160e+00
1.109884023666381836e+00
1.107440948486328125e+00
1.108118772506713867e+00
1.108556151390075684e+00
1.110393285751342773e+00
1.110267281532287598e+00
1.109222650527954102e+00
1.108194351196289062e+00
1.108560562133789062e+00
1.108611345291137695e+00
1.110660195350646973e+00
1.109226822853088379e+00
1.108788013458251953e+00
1.108876943588256836e+00
1.110500931739807129e+00
1.111272931098937988e+00
1.112213611602783203e+00
1.111443877220153809e+00
1.111345291137695312e+00
1.111856579780578613e+00
1.112009286880493164e+00
1.112551093101501465e+00
1.113304615020751953e+00
1.113079786300659180e+00
1.113151669502258301e+00
1.113738179206848145e+00
1.114529132843017578e+00
1.113923072814941406e+00
1.114782810211181641e+00
1.113868594169616699e+00
1.113048315048217773e+00
1.111582994461059570e+00
1.110264539718627930e+00
1.108956813812255859e+00
1.109195232391357422e+00
1.110694169998168945e+00
1.111806511878967285e+00
1.110904097557067871e+00
1.111600518226623535e+00
1.110525012016296387e+00
1.110762476921081543e+00
1.110916137695312500e+00
1.110680818557739258e+00
1.111701965332031250e+00
1.111853599548339844e+00
1.111126184463500977e+00
1.110811352729797363e+00
1.111885666847229004e+00
1.108680248260498047e+00
1.108318448066711426e+00
1.108374238014221191e+00
1.108008623123168945e+00
1.107520103454589844e+00
1.108093023300170898e+00
1.108411192893981934e+00
1.106891155242919922e+00
1.105640053749084473e+00
1.106463074684143066e+00
1.105537652969360352e+00
1.107741355895996094e+00
1.108623027801513672e+00
1.109206557273864746e+00
1.109817028045654297e+00
1.110635757446289062e+00
1.108945250511169434e+00
1.109063506126403809e+00
1.108296155929565430e+00
1.109677553176879883e+00
1.108834505081176758e+00
1.109041571617126465e+00
1.109100222587585449e+00
1.107666373252868652e+00
1.106764197349548340e+00
1.106576085090637207e+00
1.106940150260925293e+00
1.105724215507507324e+00
1.106560707092285156e+00
1.107033610343933105e+00
1.106631636619567871e+00
1.105802297592163086e+00
1.106218576431274414e+00
1.106492400169372559e+00
1.105788350105285645e+00
1.105517387390136719e+00
1.106553077697753906e+00
1.108550906181335449e+00
1.108205676078796387e+00
1.106623172760009766e+00
1.107376098632812500e+00
1.105944752693176270e+00
1.107452273368835449e+00
1.105754613876342773e+00
1.106413245201110840e+00
1.106943488121032715e+00
1.107272386550903320e+00
1.107122898101806641e+00
1.108428716659545898e+00
1.108771800994873047e+00
1.109425067901611328e+00
1.110514521598815918e+00
1.110923528671264648e+00
1.110556364059448242e+00
1.110420227050781250e+00
1.108804464340209961e+00
1.108962655067443848e+00
1.108097434043884277e+00
1.106656074523925781e+00
1.107726931571960449e+00
1.106377005577087402e+00
1.108218312263488770e+00
1.106888532638549805e+00
1.108983993530273438e+00
1.109596014022827148e+00
1.109801650047302246e+00
1.108358979225158691e+00
1.108606457710266113e+00
1.109278798103332520e+00
1.109762191772460938e+00
1.108655095100402832e+00
1.108729124069213867e+00
1.108443856239318848e+00
1.107983827590942383e+00
1.107828617095947266e+00
1.108666658401489258e+00
1.110088109970092773e+00
1.110696911811828613e+00
1.111841559410095215e+00
1.110851526260375977e+00
1.112334966659545898e+00
1.112033963203430176e+00
1.112457871437072754e+00
1.111888408660888672e+00
1.112842202186584473e+00
1.112060666084289551e+00
1.110460400581359863e+00
1.111184597015380859e+00
1.110638737678527832e+00
1.111692309379577637e+00
1.112128376960754395e+00
1.112670063972473145e+00
1.112098097801208496e+00
1.114194154739379883e+00
1.113039255142211914e+00
1.114660859107971191e+00
1.114693760871887207e+00
1.113623261451721191e+00
1.112785696983337402e+00
1.113114476203918457e+00
1.111443400382995605e+00
1.111103296279907227e+00
1.111816763877868652e+00
1.111433625221252441e+00
1.110246896743774414e+00
1.111452341079711914e+00
1.112805485725402832e+00
1.114195108413696289e+00
1.111364126205444336e+00
1.111576676368713379e+00
1.111637234687805176e+00
1.110587954521179199e+00
1.109534978866577148e+00
1.108398675918579102e+00
1.108082652091979980e+00
1.108771443367004395e+00
1.108293175697326660e+00
1.108829617500305176e+00
1.108933568000793457e+00
1.108173251152038574e+00
1.108734488487243652e+00
1.110167741775512695e+00
1.111409902572631836e+00
1.110993504524230957e+00
1.111693859100341797e+00
1.111909151077270508e+00
1.113718390464782715e+00
1.113072395324707031e+00
1.111948966979980469e+00
1.110783338546752930e+00
1.110699295997619629e+00
1.110008120536804199e+00
1.111129760742187500e+00
1.112200260162353516e+00
1.113774776458740234e+00
1.113175868988037109e+00
1.115097880363464355e+00
1.115991592407226562e+00
1.115836858749389648e+00
1.117039442062377930e+00
1.115128636360168457e+00
1.113532900810241699e+00
1.111712694168090820e+00
1.109777569770812988e+00
1.110543370246887207e+00
1.109412431716918945e+00
1.108404994010925293e+00
1.108521461486816406e+00
1.109150290489196777e+00
1.109450697898864746e+00
1.110532045364379883e+00
1.109361529350280762e+00
1.109122872352600098e+00
1.108614087104797363e+00
1.109126091003417969e+00
1.107728600502014160e+00
1.106738448143005371e+00
1.107184767723083496e+00
1.106855869293212891e+00
1.105263829231262207e+00
1.105944633483886719e+00
1.105158686637878418e+00
1.104697704315185547e+00
1.105226635932922363e+00
1.105843663215637207e+00
1.104971408843994141e+00
1.105516314506530762e+00
1.102750658988952637e+00
1.103686332702636719e+00
1.103669166564941406e+00
1.104642987251281738e+00
1.103771209716796875e+00
1.105664968490600586e+00
1.105298519134521484e+00
1.105757355690002441e+00
1.106225013732910156e+00
1.107454419136047363e+00
1.108291625976562500e+00
1.108967542648315430e+00
1.108862519264221191e+00
1.109186410903930664e+00
1.109921813011169434e+00
1.109092712402343750e+00
1.109058976173400879e+00
1.111371994018554688e+00
1.110912322998046875e+00
1.110237598419189453e+00
1.109648466110229492e+00
1.109268546104431152e+00
1.108765602111816406e+00
1.108352184295654297e+00
1.107972502708435059e+00
1.105483412742614746e+00
1.104933619499206543e+00
1.105394005775451660e+00
1.106103539466857910e+00
1.105376482009887695e+00
1.105575799942016602e+00
1.104985475540161133e+00
1.104960203170776367e+00
1.105525732040405273e+00
1.106185674667358398e+00
1.107149004936218262e+00
1.108556747436523438e+00
1.108840346336364746e+00
1.106825351715087891e+00
1.106515049934387207e+00
1.107298374176025391e+00
1.108061552047729492e+00
1.109613776206970215e+00
1.109691262245178223e+00
1.108665943145751953e+00
1.108340263366699219e+00
1.107137322425842285e+00
1.105434298515319824e+00
1.106541514396667480e+00
1.106738448143005371e+00
1.106476783752441406e+00
1.106365084648132324e+00
1.105761528015136719e+00
1.107037425041198730e+00
1.106717228889465332e+00
1.107505679130554199e+00
1.108045339584350586e+00
1.108129024505615234e+00
1.107620120048522949e+00
1.108795642852783203e+00
1.107924342155456543e+00
1.109214663505554199e+00
1.108779907226562500e+00
1.107266902923583984e+00
1.108906865119934082e+00
1.107833385467529297e+00
1.108872532844543457e+00
1.110516786575317383e+00
1.111871480941772461e+00
1.112991690635681152e+00
1.113276124000549316e+00
1.112707734107971191e+00
1.113996982574462891e+00
1.114388823509216309e+00
1.112651348114013672e+00
1.111905813217163086e+00
1.112491607666015625e+00
1.111675500869750977e+00
1.111234903335571289e+00
1.113990783691406250e+00
1.114543676376342773e+00
1.115067124366760254e+00
1.114226460456848145e+00
1.114349722862243652e+00
1.115005970001220703e+00
1.115519642829895020e+00
1.116369009017944336e+00
1.117189764976501465e+00
1.116183519363403320e+00
1.115662813186645508e+00
1.115410447120666504e+00
1.114462971687316895e+00
1.114706516265869141e+00
1.116780161857604980e+00
1.117337226867675781e+00
1.117488980293273926e+00
1.116990208625793457e+00
1.116318821907043457e+00
1.115770936012268066e+00
1.116913795471191406e+00
1.116773486137390137e+00
1.118122577667236328e+00
1.116647243499755859e+00
1.118790745735168457e+00
1.117838144302368164e+00
1.120406985282897949e+00
1.121178388595581055e+00
1.120540976524353027e+00
1.118575572967529297e+00
1.118239402770996094e+00
1.120091676712036133e+00
1.120396256446838379e+00
1.120950102806091309e+00
1.121489524841308594e+00
1.120869159698486328e+00
1.121079325675964355e+00
1.120800852775573730e+00
1.120751142501831055e+00
1.119725108146667480e+00
1.118358612060546875e+00
1.117964506149291992e+00
1.116480350494384766e+00
1.116840004920959473e+00
1.115765452384948730e+00
1.113629698753356934e+00
1.113603234291076660e+00
1.114040374755859375e+00
1.114459156990051270e+00
1.114622950553894043e+00
1.115019559860229492e+00
1.115962147712707520e+00
1.116484045982360840e+00
1.116778731346130371e+00
1.117008209228515625e+00
1.116799592971801758e+00
1.117922186851501465e+00
1.118655085563659668e+00
1.118266820907592773e+00
1.116282343864440918e+00
1.115383386611938477e+00
1.117144346237182617e+00
1.116518974304199219e+00
1.116013526916503906e+00
1.116224884986877441e+00
1.115675687789916992e+00
1.115929961204528809e+00
1.117154359817504883e+00
1.117125511169433594e+00
1.116199016571044922e+00
1.115108966827392578e+00
1.115159988403320312e+00
1.114099383354187012e+00
1.113570332527160645e+00
1.113132596015930176e+00
1.112955808639526367e+00
1.111657619476318359e+00
1.112762212753295898e+00
1.111701965332031250e+00
1.110670208930969238e+00
1.111083865165710449e+00
1.111402034759521484e+00
1.111004114151000977e+00
1.112242937088012695e+00
1.113549709320068359e+00
1.113318920135498047e+00
1.113590836524963379e+00
1.112417936325073242e+00
1.113499164581298828e+00
1.112895607948303223e+00
1.113430976867675781e+00
1.115039110183715820e+00
1.115632176399230957e+00
1.115846157073974609e+00
1.116257309913635254e+00
1.114831924438476562e+00
1.114478826522827148e+00
1.116661548614501953e+00
1.118117213249206543e+00
1.117326617240905762e+00
1.116548180580139160e+00
1.115928053855895996e+00
1.115352511405944824e+00
1.115399599075317383e+00
1.117208003997802734e+00
1.117223858833312988e+00
1.118125677108764648e+00
1.117310166358947754e+00
1.118601202964782715e+00
1.118521094322204590e+00
1.119976282119750977e+00
1.120445966720581055e+00
1.118991136550903320e+00
1.117212891578674316e+00
1.117199420928955078e+00
1.116851806640625000e+00
1.118070363998413086e+00
1.118172764778137207e+00
1.119047164916992188e+00
1.119709014892578125e+00
1.118353724479675293e+00
1.118649005889892578e+00
1.117786884307861328e+00
1.117626905441284180e+00
1.117996692657470703e+00
1.117940664291381836e+00
1.119351029396057129e+00
1.118289113044738770e+00
1.117847084999084473e+00
1.115882515907287598e+00
1.115904092788696289e+00
1.115592002868652344e+00
1.113193750381469727e+00
1.113915681838989258e+00
1.115634799003601074e+00
1.115387201309204102e+00
1.114958763122558594e+00
1.114634871482849121e+00
1.114941835403442383e+00
1.115904808044433594e+00
1.115395426750183105e+00
1.115488886833190918e+00
1.115351080894470215e+00
1.114629149436950684e+00
1.115604758262634277e+00
1.115051388740539551e+00
1.112793684005737305e+00
1.112901449203491211e+00
1.114560246467590332e+00
1.112372159957885742e+00
1.112104058265686035e+00
1.112517714500427246e+00
1.111810803413391113e+00
1.109957933425903320e+00
1.109810471534729004e+00
1.109748721122741699e+00
1.109451770782470703e+00
1.107751965522766113e+00
1.108719348907470703e+00
1.109640121459960938e+00
1.110417723655700684e+00
1.111199855804443359e+00
1.112131714820861816e+00
1.111905694007873535e+00
1.110902547836303711e+00
1.110224723815917969e+00
1.110347390174865723e+00
1.110186457633972168e+00
1.110343694686889648e+00
1.110139966011047363e+00
1.110414266586303711e+00
1.109417557716369629e+00
1.109158158302307129e+00
1.110717773437500000e+00
1.109492897987365723e+00
1.109115839004516602e+00
1.110272049903869629e+00
1.108841180801391602e+00
1.109018206596374512e+00
1.108353853225708008e+00
1.108970046043395996e+00
1.109822511672973633e+00
1.110754013061523438e+00
1.112532377243041992e+00
1.113106012344360352e+00
1.111630558967590332e+00
1.112272381782531738e+00
1.110957384109497070e+00
1.110874533653259277e+00
1.110467910766601562e+00
1.110531806945800781e+00
1.110908508300781250e+00
1.110518574714660645e+00
1.110831260681152344e+00
1.111009240150451660e+00
1.109284162521362305e+00
1.109462618827819824e+00
1.109193205833435059e+00
1.109151601791381836e+00
1.107459306716918945e+00
1.106829404830932617e+00
1.107372879981994629e+00
1.106229066848754883e+00
1.106255888938903809e+00
1.107307195663452148e+00
1.107660770416259766e+00
1.109966158866882324e+00
1.108788132667541504e+00
1.108332157135009766e+00
1.107462286949157715e+00
1.107895016670227051e+00
1.106897592544555664e+00
1.107021570205688477e+00
1.107838749885559082e+00
1.107240080833435059e+00
1.107570767402648926e+00
1.108134746551513672e+00
1.107728958129882812e+00
1.107291698455810547e+00
1.106766223907470703e+00
1.108054399490356445e+00
1.109081268310546875e+00
1.107013463973999023e+00
1.106705427169799805e+00
1.107347965240478516e+00
1.106754779815673828e+00
1.107041239738464355e+00
1.108359217643737793e+00
1.106884241104125977e+00
1.107254505157470703e+00
1.108294486999511719e+00
1.109289288520812988e+00
1.109487414360046387e+00
1.110794067382812500e+00
1.111817359924316406e+00
1.110587835311889648e+00
1.111493825912475586e+00
1.112082839012145996e+00
1.112752556800842285e+00
1.112111091613769531e+00
1.111380100250244141e+00
1.109281778335571289e+00
1.110058426856994629e+00
1.108535647392272949e+00
1.107803940773010254e+00
1.106659889221191406e+00
1.106246232986450195e+00
1.106908202171325684e+00
1.107762098312377930e+00
1.108152270317077637e+00
1.108756303787231445e+00
1.107931613922119141e+00
1.107047080993652344e+00
1.109042167663574219e+00
1.109034657478332520e+00
1.109369993209838867e+00
1.111974477767944336e+00
1.111621141433715820e+00
1.110783338546752930e+00
1.112337231636047363e+00
1.112745404243469238e+00
1.111838459968566895e+00
1.112130165100097656e+00
1.110634684562683105e+00
1.111695885658264160e+00
1.111887931823730469e+00
1.112079262733459473e+00
1.112079977989196777e+00
1.111687660217285156e+00
1.111570239067077637e+00
1.110873937606811523e+00
1.110159873962402344e+00
1.108619451522827148e+00
1.109348297119140625e+00
1.110631465911865234e+00
1.110123991966247559e+00
1.109660625457763672e+00
1.108186125755310059e+00
1.107591748237609863e+00
1.108122229576110840e+00
1.108779549598693848e+00
1.108577013015747070e+00
1.108660459518432617e+00
1.110183596611022949e+00
1.113445401191711426e+00
1.113853096961975098e+00
1.115238070487976074e+00
1.116853833198547363e+00
1.116762876510620117e+00
1.115756750106811523e+00
1.115283131599426270e+00
1.115487217903137207e+00
1.116122126579284668e+00
1.116568207740783691e+00
1.117212414741516113e+00
1.116246461868286133e+00
1.114261388778686523e+00
1.113608717918395996e+00
1.113151311874389648e+00
1.113034605979919434e+00
1.113725304603576660e+00
1.112119317054748535e+00
1.111465454101562500e+00
1.110326528549194336e+00
1.111382246017456055e+00
1.110557436943054199e+00
1.110840439796447754e+00
1.111881494522094727e+00
1.113294243812561035e+00
1.114160180091857910e+00
1.113828897476196289e+00
1.114114761352539062e+00
1.113754630088806152e+00
1.114370465278625488e+00
1.115415096282958984e+00
1.116514205932617188e+00
1.115967750549316406e+00
1.115113496780395508e+00
1.113985061645507812e+00
1.113517045974731445e+00
1.114274978637695312e+00
1.115435957908630371e+00
1.114080786705017090e+00
1.115776419639587402e+00
1.114469647407531738e+00
1.112827062606811523e+00
1.112779974937438965e+00
1.113461017608642578e+00
1.113731265068054199e+00
1.113899707794189453e+00
1.113140106201171875e+00
1.113238334655761719e+00
1.113603115081787109e+00
1.113911867141723633e+00
1.115021705627441406e+00
1.115394234657287598e+00
1.115670919418334961e+00
1.114790916442871094e+00
1.114732623100280762e+00
1.115745306015014648e+00
1.115985155105590820e+00
1.116284012794494629e+00
1.116502046585083008e+00
1.117271423339843750e+00
1.117675185203552246e+00
1.118891239166259766e+00
1.118994593620300293e+00
1.119148015975952148e+00
1.120017170906066895e+00
1.119492411613464355e+00
1.119802117347717285e+00
1.120502114295959473e+00
1.122828722000122070e+00
1.121984720230102539e+00
1.120613336563110352e+00
1.119803071022033691e+00
1.120584368705749512e+00
1.121132135391235352e+00
1.120761513710021973e+00
1.123002052307128906e+00
1.122712135314941406e+00
1.123043775558471680e+00
1.123276114463806152e+00
1.121942043304443359e+00
1.121225953102111816e+00
1.121393680572509766e+00
1.120280265808105469e+00
1.119601488113403320e+00
1.119224429130554199e+00
1.118826031684875488e+00
1.119095563888549805e+00
1.120424747467041016e+00
1.119808197021484375e+00
1.120301604270935059e+00
1.119321942329406738e+00
1.119230151176452637e+00
1.118800044059753418e+00
1.118156671524047852e+00
1.119052290916442871e+00
1.117854833602905273e+00
1.116909027099609375e+00
1.115550756454467773e+00
1.114760041236877441e+00
1.115077495574951172e+00
1.114427566528320312e+00
1.115879893302917480e+00
1.114781379699707031e+00
1.115449428558349609e+00
1.114652514457702637e+00
1.114975214004516602e+00
1.114441633224487305e+00
1.114567399024963379e+00
1.115569353103637695e+00
1.114900588989257812e+00
1.114155173301696777e+00
1.115556955337524414e+00
1.115513443946838379e+00
1.116095781326293945e+00
1.117292642593383789e+00
1.116921424865722656e+00
1.117375016212463379e+00
1.118231654167175293e+00
1.117958188056945801e+00
1.116997122764587402e+00
1.117125511169433594e+00
1.116128087043762207e+00
1.116217374801635742e+00
1.117332935333251953e+00
1.117800712585449219e+00
1.118107438087463379e+00
1.118586182594299316e+00
1.118268132209777832e+00
1.120116353034973145e+00
1.119678735733032227e+00
1.119948148727416992e+00
1.119821310043334961e+00
1.120831370353698730e+00
1.120026350021362305e+00
1.118498086929321289e+00
1.118288874626159668e+00
1.119790315628051758e+00
1.118844151496887207e+00
1.118118405342102051e+00
1.118271708488464355e+00
1.118102073669433594e+00
1.117914080619812012e+00
1.117682576179504395e+00
1.116686344146728516e+00
1.117736339569091797e+00
1.118867635726928711e+00
1.120798707008361816e+00
1.119481801986694336e+00
1.119611263275146484e+00
1.117856860160827637e+00
1.118648409843444824e+00
1.118398547172546387e+00
1.117874026298522949e+00
1.117402076721191406e+00
1.117116808891296387e+00
1.115299940109252930e+00
1.116574287414550781e+00
1.115537762641906738e+00
1.115837454795837402e+00
1.115067005157470703e+00
1.115641593933105469e+00
1.115274310111999512e+00
1.116516590118408203e+00
1.117059946060180664e+00
1.117497444152832031e+00
1.117232561111450195e+00
1.117103219032287598e+00
1.114593386650085449e+00
1.113723754882812500e+00
1.113514065742492676e+00
1.114059567451477051e+00
1.115029454231262207e+00
1.115341305732727051e+00
1.115517020225524902e+00
1.115548849105834961e+00
1.116233944892883301e+00
1.116770625114440918e+00
1.116479516029357910e+00
1.115331888198852539e+00
1.114867329597473145e+00
1.116450905799865723e+00
1.115618467330932617e+00
1.117161273956298828e+00
1.116668462753295898e+00
1.116660833358764648e+00
1.116117715835571289e+00
1.116119861602783203e+00
1.117007732391357422e+00
1.117416501045227051e+00
1.116582036018371582e+00
1.115535616874694824e+00
1.116214632987976074e+00
1.116470575332641602e+00
1.116665005683898926e+00
1.116295814514160156e+00
1.115646123886108398e+00
1.114778995513916016e+00
1.115256667137145996e+00
1.115132689476013184e+00
1.113582134246826172e+00
1.113894462585449219e+00
1.113860130310058594e+00
1.113575577735900879e+00
1.114284634590148926e+00
1.112799406051635742e+00
1.113036155700683594e+00
1.113871812820434570e+00
1.114661812782287598e+00
1.112567305564880371e+00
1.111566185951232910e+00
1.112091064453125000e+00
1.112057447433471680e+00
1.112617015838623047e+00
1.112951397895812988e+00
1.112891077995300293e+00
1.111635327339172363e+00
1.111429810523986816e+00
1.110440969467163086e+00
1.110753178596496582e+00
1.111165881156921387e+00
1.111469149589538574e+00
1.111058831214904785e+00
1.109835505485534668e+00
1.111879229545593262e+00
1.111501812934875488e+00
1.111777663230895996e+00
1.111638784408569336e+00
1.111964106559753418e+00
1.110266089439392090e+00
1.110201954841613770e+00
1.111057639122009277e+00
1.111469984054565430e+00
1.111833572387695312e+00
1.111737728118896484e+00
1.111315846443176270e+00
1.111519098281860352e+00
1.110995650291442871e+00
1.112691402435302734e+00
1.111620426177978516e+00
1.112755775451660156e+00
1.112780690193176270e+00
1.112451434135437012e+00
1.111809372901916504e+00
1.112215161323547363e+00
1.110637068748474121e+00
1.111215710639953613e+00
1.111810564994812012e+00
1.112663030624389648e+00
1.113579034805297852e+00
1.113644480705261230e+00
1.113959670066833496e+00
1.114679932594299316e+00
1.113985180854797363e+00
1.115699052810668945e+00
1.117663502693176270e+00
1.119330883026123047e+00
1.117955684661865234e+00
1.118625760078430176e+00
1.120191931724548340e+00
1.120496988296508789e+00
1.120529890060424805e+00
1.119296073913574219e+00
1.119316220283508301e+00
1.119479417800903320e+00
1.118600010871887207e+00
1.118155479431152344e+00
1.118279337882995605e+00
1.117274641990661621e+00
1.116781234741210938e+00
1.117488741874694824e+00
1.116440892219543457e+00
1.114478111267089844e+00
1.115359306335449219e+00
1.114547491073608398e+00
1.114579796791076660e+00
1.114719986915588379e+00
1.114147067070007324e+00
1.114955782890319824e+00
1.116267681121826172e+00
1.115566372871398926e+00
1.116526007652282715e+00
1.116127133369445801e+00
1.116087436676025391e+00
1.116509795188903809e+00
1.116092205047607422e+00
1.115065336227416992e+00
1.114678978919982910e+00
1.114515066146850586e+00
1.115633964538574219e+00
1.116543292999267578e+00
1.118024706840515137e+00
1.119584560394287109e+00
1.118360877037048340e+00
1.116773009300231934e+00
1.118261098861694336e+00
1.117963194847106934e+00
1.117727994918823242e+00
1.119099617004394531e+00
1.118678450584411621e+00
1.119266510009765625e+00
1.119628548622131348e+00
1.119677066802978516e+00
1.119726300239562988e+00
1.119518637657165527e+00
1.119263291358947754e+00
1.120163679122924805e+00
1.122047901153564453e+00
1.121545910835266113e+00
1.122678041458129883e+00
1.122714877128601074e+00
1.122086763381958008e+00
1.122067689895629883e+00
1.120731472969055176e+00
1.120477080345153809e+00
1.119044542312622070e+00
1.119504690170288086e+00
1.120311856269836426e+00
1.120396494865417480e+00
1.120770454406738281e+00
1.121098160743713379e+00
1.122776865959167480e+00
1.123315334320068359e+00
1.123870730400085449e+00
1.124371409416198730e+00
1.125497817993164062e+00
1.126520037651062012e+00
1.125463962554931641e+00
1.124725699424743652e+00
1.125313401222229004e+00
1.124820232391357422e+00
1.124793291091918945e+00
1.124022841453552246e+00
1.122638702392578125e+00
1.123607158660888672e+00
1.124192833900451660e+00
1.125135302543640137e+00
1.124684810638427734e+00
1.124547481536865234e+00
1.123882293701171875e+00
1.121415853500366211e+00
1.120472431182861328e+00
1.119964599609375000e+00
1.119660735130310059e+00
1.119495987892150879e+00
1.119877219200134277e+00
1.120638012886047363e+00
1.120237708091735840e+00
1.121866583824157715e+00
1.122298002243041992e+00
1.123195648193359375e+00
1.124079585075378418e+00
1.122479200363159180e+00
1.122164130210876465e+00
1.120917081832885742e+00
1.120802760124206543e+00
1.120739579200744629e+00
1.121109604835510254e+00
1.122105956077575684e+00
1.121178150177001953e+00
1.119077920913696289e+00
1.119785666465759277e+00
1.120237708091735840e+00
1.119892001152038574e+00
1.121122837066650391e+00
1.120724439620971680e+00
1.120105743408203125e+00
1.118850350379943848e+00
1.118988037109375000e+00
1.118932843208312988e+00
1.118993997573852539e+00
1.118701457977294922e+00
1.119422316551208496e+00
1.120191812515258789e+00
1.120730400085449219e+00
1.121217012405395508e+00
1.122457861900329590e+00
1.122673630714416504e+00
1.122288703918457031e+00
1.120918393135070801e+00
1.121626973152160645e+00
1.120367646217346191e+00
1.121712565422058105e+00
1.122378468513488770e+00
1.122174859046936035e+00
1.122937917709350586e+00
1.123029828071594238e+00
1.122084379196166992e+00
1.122284531593322754e+00
1.122016787528991699e+00
1.123384475708007812e+00
1.122961282730102539e+00
1.122423648834228516e+00
1.122476816177368164e+00
1.122699141502380371e+00
1.121538996696472168e+00
1.120283603668212891e+00
1.120497584342956543e+00
1.119011163711547852e+00
1.118505716323852539e+00
1.117811799049377441e+00
1.118606805801391602e+00
1.118817806243896484e+00
1.118413209915161133e+00
1.118214011192321777e+00
1.119111180305480957e+00
1.118071079254150391e+00
1.117626070976257324e+00
1.117642998695373535e+00
1.117804408073425293e+00
1.118576645851135254e+00
1.117900252342224121e+00
1.120104432106018066e+00
1.119372963905334473e+00
1.118558764457702637e+00
1.119926214218139648e+00
1.120024561882019043e+00
1.121000766754150391e+00
1.122446894645690918e+00
1.122590065002441406e+00
1.123057723045349121e+00
1.122942090034484863e+00
1.122440218925476074e+00
1.121308565139770508e+00
1.120764970779418945e+00
1.121022582054138184e+00
1.122855544090270996e+00
1.123860239982604980e+00
1.123224020004272461e+00
1.123242735862731934e+00
1.121973991394042969e+00
1.122965931892395020e+00
1.124241471290588379e+00
1.124613046646118164e+00
1.124309897422790527e+00
1.125027775764465332e+00
1.124445438385009766e+00
1.124430179595947266e+00
1.126003146171569824e+00
1.125674128532409668e+00
1.125191330909729004e+00
1.125879883766174316e+00
1.126817107200622559e+00
1.127153515815734863e+00
1.128457546234130859e+00
1.127669930458068848e+00
1.128400206565856934e+00
1.128334879875183105e+00
1.126388669013977051e+00
1.125777363777160645e+00
1.124897837638854980e+00
1.125702738761901855e+00
1.125220060348510742e+00
1.125464677810668945e+00
1.124998688697814941e+00
1.126760959625244141e+00
1.127533555030822754e+00
1.127157688140869141e+00
1.127098917961120605e+00
1.126059055328369141e+00
1.127078890800476074e+00
1.127500414848327637e+00
1.128311872482299805e+00
1.127956986427307129e+00
1.127628922462463379e+00
1.127760529518127441e+00
1.131000995635986328e+00
1.131859660148620605e+00
1.131181240081787109e+00
1.132077217102050781e+00
1.132631897926330566e+00
1.132419824600219727e+00
1.132580041885375977e+00
1.131487607955932617e+00
1.129589438438415527e+00
1.129536986351013184e+00
1.128443002700805664e+00
1.128747224807739258e+00
1.128757357597351074e+00
1.129186868667602539e+00
1.129477977752685547e+00
1.131195664405822754e+00
1.128858447074890137e+00
1.129829525947570801e+00
1.130663037300109863e+00
1.132534027099609375e+00
1.133669495582580566e+00
1.133357048034667969e+00
1.134065270423889160e+00
1.132724761962890625e+00
1.133307576179504395e+00
1.133097410202026367e+00
1.132795572280883789e+00
1.132917881011962891e+00
1.131887197494506836e+00
1.131912827491760254e+00
1.131294131278991699e+00
1.130558609962463379e+00
1.130988001823425293e+00
1.130705952644348145e+00
1.130378961563110352e+00
1.131769180297851562e+00
1.131849646568298340e+00
1.131195068359375000e+00
1.131651878356933594e+00
1.131608843803405762e+00
1.133174657821655273e+00
1.133660435676574707e+00
1.131068587303161621e+00
1.129600763320922852e+00
1.129367470741271973e+00
1.128299713134765625e+00
1.129772067070007324e+00
1.128970623016357422e+00
1.128779649734497070e+00
1.129212856292724609e+00
1.131495237350463867e+00
1.130450010299682617e+00
1.130455374717712402e+00
1.130384325981140137e+00
1.129705786705017090e+00
1.131088852882385254e+00
1.128314971923828125e+00
1.128465890884399414e+00
1.126952171325683594e+00
1.126651287078857422e+00
1.125893473625183105e+00
1.125378608703613281e+00
1.123860478401184082e+00
1.123577356338500977e+00
1.123166918754577637e+00
1.123433351516723633e+00
1.123608231544494629e+00
1.123598337173461914e+00
1.124693393707275391e+00
1.123628973960876465e+00
1.123798012733459473e+00
1.123129010200500488e+00
1.122751593589782715e+00
1.122946977615356445e+00
1.124302506446838379e+00
1.125207304954528809e+00
1.124967694282531738e+00
1.124502658843994141e+00
1.124492406845092773e+00
1.124780297279357910e+00
1.125035166740417480e+00
1.124327659606933594e+00
1.124599456787109375e+00
1.124090313911437988e+00
1.123758316040039062e+00
1.123751163482666016e+00
1.123750805854797363e+00
1.123292446136474609e+00
1.122869849205017090e+00
1.122783303260803223e+00
1.121970415115356445e+00
1.121518850326538086e+00
1.121536970138549805e+00
1.121550440788269043e+00
1.123233914375305176e+00
1.122480869293212891e+00
1.121882677078247070e+00
1.125204682350158691e+00
1.125009179115295410e+00
1.126296520233154297e+00
1.127643704414367676e+00
1.125832200050354004e+00
1.128001451492309570e+00
1.127685070037841797e+00
1.128820657730102539e+00
1.128568172454833984e+00
1.128321886062622070e+00
1.127810835838317871e+00
1.127900600433349609e+00
1.130137324333190918e+00
1.128617405891418457e+00
1.129013299942016602e+00
1.128930449485778809e+00
1.128709912300109863e+00
1.128879547119140625e+00
1.127919316291809082e+00
1.126504302024841309e+00
1.126805186271667480e+00
1.125787138938903809e+00
1.125824332237243652e+00
1.126091241836547852e+00
1.125299930572509766e+00
1.126769542694091797e+00
1.126902222633361816e+00
1.126924514770507812e+00
1.127093911170959473e+00
1.126923799514770508e+00
1.126844167709350586e+00
1.127619385719299316e+00
1.127593159675598145e+00
1.127544522285461426e+00
1.127867817878723145e+00
1.128257274627685547e+00
1.129509329795837402e+00
1.129398584365844727e+00
1.130205273628234863e+00
1.129857540130615234e+00
1.129317998886108398e+00
1.128807544708251953e+00
1.128390431404113770e+00
1.128360271453857422e+00
1.127244353294372559e+00
1.128232717514038086e+00
1.127311348915100098e+00
1.126347184181213379e+00
1.127109885215759277e+00
1.126577019691467285e+00
1.126082897186279297e+00
1.126002311706542969e+00
1.124694108963012695e+00
1.122861266136169434e+00
1.124463081359863281e+00
1.125026822090148926e+00
1.127146959304809570e+00
1.126374602317810059e+00
1.124818325042724609e+00
1.126455783843994141e+00
1.126047611236572266e+00
1.124440550804138184e+00
1.124535083770751953e+00
1.124840736389160156e+00
1.126750707626342773e+00
1.125518918037414551e+00
1.125964999198913574e+00
1.125485181808471680e+00
1.124964714050292969e+00
1.125347137451171875e+00
1.125805258750915527e+00
1.127488970756530762e+00
1.127179503440856934e+00
1.127220988273620605e+00
1.125637650489807129e+00
1.125989317893981934e+00
1.125628232955932617e+00
1.124884843826293945e+00
1.124936580657958984e+00
1.125550508499145508e+00
1.125814080238342285e+00
1.125644326210021973e+00
1.126422882080078125e+00
1.124642133712768555e+00
1.123111844062805176e+00
1.124881505966186523e+00
1.125383973121643066e+00
1.123859643936157227e+00
1.124956369400024414e+00
1.125075817108154297e+00
1.123624444007873535e+00
1.123636722564697266e+00
1.123808503150939941e+00
1.122717976570129395e+00
1.122956037521362305e+00
1.124029755592346191e+00
1.124591827392578125e+00
1.123399496078491211e+00
1.124779105186462402e+00
1.123990893363952637e+00
1.124958992004394531e+00
1.123445153236389160e+00
1.123895764350891113e+00
1.125114321708679199e+00
1.125040531158447266e+00
1.124788641929626465e+00
1.123872399330139160e+00
1.123302102088928223e+00
1.123829960823059082e+00
1.123891711235046387e+00
1.123775720596313477e+00
1.123875379562377930e+00
1.124328136444091797e+00
1.122643947601318359e+00
1.122201323509216309e+00
1.121743083000183105e+00
1.121623635292053223e+00
1.121346592903137207e+00
1.120646595954895020e+00
1.120904326438903809e+00
1.119392991065979004e+00
1.118893384933471680e+00
1.120501637458801270e+00
1.119822978973388672e+00
1.120724916458129883e+00
1.119146108627319336e+00
1.120154619216918945e+00
1.121651887893676758e+00
1.120687603950500488e+00
1.119764447212219238e+00
1.119829654693603516e+00
1.121086835861206055e+00
1.120968937873840332e+00
1.119299650192260742e+00
1.118759989738464355e+00
1.118585109710693359e+00
1.117821693420410156e+00
1.117711305618286133e+00
1.118443131446838379e+00
1.119416594505310059e+00
1.117746949195861816e+00
1.119204521179199219e+00
1.118707537651062012e+00
1.118180513381958008e+00
1.118091225624084473e+00
1.117489218711853027e+00
1.116398453712463379e+00
1.116107821464538574e+00
1.116469144821166992e+00
1.118234395980834961e+00
1.117043614387512207e+00
1.116011142730712891e+00
1.115773916244506836e+00
1.114273786544799805e+00
1.113939046859741211e+00
1.113678097724914551e+00
1.115261316299438477e+00
1.116265654563903809e+00
1.115587592124938965e+00
1.115692019462585449e+00
1.116859436035156250e+00
1.116539716720581055e+00
1.118071913719177246e+00
1.118867158889770508e+00
1.119129896163940430e+00
1.119408607482910156e+00
1.120518565177917480e+00
1.120619416236877441e+00
1.121354341506958008e+00
1.121227025985717773e+00
1.120498657226562500e+00
1.121758460998535156e+00
1.120188117027282715e+00
1.119376778602600098e+00
1.120965361595153809e+00
1.120265483856201172e+00
1.119837760925292969e+00
1.120746850967407227e+00
1.120472431182861328e+00
1.118465900421142578e+00
1.117903709411621094e+00
1.116397380828857422e+00
1.117028117179870605e+00
1.117691040039062500e+00
1.116784691810607910e+00
1.116560220718383789e+00
1.118146300315856934e+00
1.118607640266418457e+00
1.118088245391845703e+00
1.117563843727111816e+00
1.117789387702941895e+00
1.119244575500488281e+00
1.120581626892089844e+00
1.120957374572753906e+00
1.122002363204956055e+00
1.121207833290100098e+00
1.121590018272399902e+00
1.122410297393798828e+00
1.120444416999816895e+00
1.122073531150817871e+00
1.122643709182739258e+00
1.123109698295593262e+00
1.122066855430603027e+00
1.122119069099426270e+00
1.121588826179504395e+00
1.121786952018737793e+00
1.123371601104736328e+00
1.123614430427551270e+00
1.122413516044616699e+00
1.121797084808349609e+00
1.121292591094970703e+00
1.120429992675781250e+00
1.120560288429260254e+00
1.120744347572326660e+00
1.120868682861328125e+00
1.119823575019836426e+00
1.119438886642456055e+00
1.120854973793029785e+00
1.119897723197937012e+00
1.119529247283935547e+00
1.119318723678588867e+00
1.119719147682189941e+00
1.119452953338623047e+00
1.119930982589721680e+00
1.120366692543029785e+00
1.117424964904785156e+00
1.119112014770507812e+00
1.118481874465942383e+00
1.117536902427673340e+00
1.117012619972229004e+00
1.116443157196044922e+00
1.117049932479858398e+00
1.117337584495544434e+00
1.118227362632751465e+00
1.118269801139831543e+00
1.118717193603515625e+00
1.118678808212280273e+00
1.117766141891479492e+00
1.118263006210327148e+00
1.118693113327026367e+00
1.119596481323242188e+00
1.119158506393432617e+00
1.120912909507751465e+00
1.121033191680908203e+00
1.121450066566467285e+00
1.121873736381530762e+00
1.122176289558410645e+00
1.122463226318359375e+00
1.123090624809265137e+00
1.124285936355590820e+00
1.124090671539306641e+00
1.123426675796508789e+00
1.121727466583251953e+00
1.121904015541076660e+00
1.121638059616088867e+00
1.119815349578857422e+00
1.121267199516296387e+00
1.120095610618591309e+00
1.121145844459533691e+00
1.121489524841308594e+00
1.120830655097961426e+00
1.122068524360656738e+00
1.123042941093444824e+00
1.123273253440856934e+00
1.123217463493347168e+00
1.124290704727172852e+00
1.123628616333007812e+00
1.123743057250976562e+00
1.124967217445373535e+00
1.125690937042236328e+00
1.125391483306884766e+00
1.126528143882751465e+00
1.126425147056579590e+00
1.128343224525451660e+00
1.127778053283691406e+00
1.128382563591003418e+00
1.127917528152465820e+00
1.128737449645996094e+00
1.127288818359375000e+00
1.126403093338012695e+00
1.126042127609252930e+00
1.127196788787841797e+00
1.128058433532714844e+00
1.126930952072143555e+00
1.128389954566955566e+00
1.127506375312805176e+00
1.127423882484436035e+00
1.127496361732482910e+00
1.128099203109741211e+00
1.127576589584350586e+00
1.129336237907409668e+00
1.129160404205322266e+00
1.128962516784667969e+00
1.127813935279846191e+00
1.126572966575622559e+00
1.125296235084533691e+00
1.125126004219055176e+00
1.125746965408325195e+00
1.124703288078308105e+00
1.125144124031066895e+00
1.125404119491577148e+00
1.125895380973815918e+00
1.126433610916137695e+00
1.126248955726623535e+00
1.127019166946411133e+00
1.124952554702758789e+00
1.124702692031860352e+00
1.124921560287475586e+00
1.123049736022949219e+00
1.122842788696289062e+00
1.123828530311584473e+00
1.125456690788269043e+00
1.126664280891418457e+00
1.125461935997009277e+00
1.127449035644531250e+00
1.129540085792541504e+00
1.130340814590454102e+00
1.131371498107910156e+00
1.131526231765747070e+00
1.131763815879821777e+00
1.132023930549621582e+00
1.131702303886413574e+00
1.132054567337036133e+00
1.133011341094970703e+00
1.134979605674743652e+00
1.134012579917907715e+00
1.133992195129394531e+00
1.133491516113281250e+00
1.132191061973571777e+00
1.133091330528259277e+00
1.133395433425903320e+00
1.132261872291564941e+00
1.132722854614257812e+00
1.133071660995483398e+00
1.133277654647827148e+00
1.133340239524841309e+00
1.133667230606079102e+00
1.133569359779357910e+00
1.134125351905822754e+00
1.133531808853149414e+00
1.133957266807556152e+00
1.133907437324523926e+00
1.133478045463562012e+00
1.133829712867736816e+00
1.134808182716369629e+00
1.134576082229614258e+00
1.135488748550415039e+00
1.135415196418762207e+00
1.136940956115722656e+00
1.137397885322570801e+00
1.136996507644653320e+00
1.136615633964538574e+00
1.135857939720153809e+00
1.136009097099304199e+00
1.137648701667785645e+00
1.136452555656433105e+00
1.135792016983032227e+00
1.137730598449707031e+00
1.137923359870910645e+00
1.137980818748474121e+00
1.137220859527587891e+00
1.138603448867797852e+00
1.138429999351501465e+00
1.138589501380920410e+00
1.138047337532043457e+00
1.139927864074707031e+00
1.138370394706726074e+00
1.137732505798339844e+00
1.137797474861145020e+00
1.139644265174865723e+00
1.139186143875122070e+00
1.139282703399658203e+00
1.139888644218444824e+00
1.140465736389160156e+00
1.140265941619873047e+00
1.140197277069091797e+00
1.141487240791320801e+00
1.140954136848449707e+00
1.140056848526000977e+00
1.139637708663940430e+00
1.139170527458190918e+00
1.139002919197082520e+00
1.137879610061645508e+00
1.138238191604614258e+00
1.137943148612976074e+00
1.136673092842102051e+00
1.136950135231018066e+00
1.136144757270812988e+00
1.135037422180175781e+00
1.135073065757751465e+00
1.135354518890380859e+00
1.135606646537780762e+00
1.135631918907165527e+00
1.136623382568359375e+00
1.137449502944946289e+00
1.136901617050170898e+00
1.135634064674377441e+00
1.134917140007019043e+00
1.134218096733093262e+00
1.133730292320251465e+00
1.134577155113220215e+00
1.134898185729980469e+00
1.135693073272705078e+00
1.134300589561462402e+00
1.133555889129638672e+00
1.132320046424865723e+00
1.131263375282287598e+00
1.131080389022827148e+00
1.132612586021423340e+00
1.132364869117736816e+00
1.132323741912841797e+00
1.132119178771972656e+00
1.131733298301696777e+00
1.133742570877075195e+00
1.134874820709228516e+00
1.135716319084167480e+00
1.135238528251647949e+00
1.135065555572509766e+00
1.134920954704284668e+00
1.134015798568725586e+00
1.132974505424499512e+00
1.132500410079956055e+00
1.131727695465087891e+00
1.132165551185607910e+00
1.132352471351623535e+00
1.132273674011230469e+00
1.131727218627929688e+00
1.132797837257385254e+00
1.132313132286071777e+00
1.132002949714660645e+00
1.131616711616516113e+00
1.133809328079223633e+00
1.133026003837585449e+00
1.132770776748657227e+00
1.133081436157226562e+00
1.133738994598388672e+00
1.134550809860229492e+00
1.134268522262573242e+00
1.134363532066345215e+00
1.135499477386474609e+00
1.134763002395629883e+00
1.135054111480712891e+00
1.135906815528869629e+00
1.136465668678283691e+00
1.135565042495727539e+00
1.136886358261108398e+00
1.137658476829528809e+00
1.139173746109008789e+00
1.138741135597229004e+00
1.139048695564270020e+00
1.139631748199462891e+00
1.141479969024658203e+00
1.141454219818115234e+00
1.139638543128967285e+00
1.138646006584167480e+00
1.137806177139282227e+00
1.137161612510681152e+00
1.137106180191040039e+00
1.138094544410705566e+00
1.137941837310791016e+00
1.140202283859252930e+00
1.139749526977539062e+00
1.140763878822326660e+00
1.140374541282653809e+00
1.140199542045593262e+00
1.140164732933044434e+00
1.140917301177978516e+00
1.140610098838806152e+00
1.141599059104919434e+00
1.140899658203125000e+00
1.142074227333068848e+00
1.140791654586791992e+00
1.140963554382324219e+00
1.141153454780578613e+00
1.141142487525939941e+00
1.140443563461303711e+00
1.140691161155700684e+00
1.140991330146789551e+00
1.140453100204467773e+00
1.141759872436523438e+00
1.143641352653503418e+00
1.142802715301513672e+00
1.142516255378723145e+00
1.140757679939270020e+00
1.142047762870788574e+00
1.141324758529663086e+00
1.141722440719604492e+00
1.144043684005737305e+00
1.144372701644897461e+00
1.144657373428344727e+00
1.145203471183776855e+00
1.144880890846252441e+00
1.145262122154235840e+00
1.144833922386169434e+00
1.145733118057250977e+00
1.145362138748168945e+00
1.145317673683166504e+00
1.146004796028137207e+00
1.146234154701232910e+00
1.145185232162475586e+00
1.145141482353210449e+00
1.144254326820373535e+00
1.143396973609924316e+00
1.142882347106933594e+00
1.143201589584350586e+00
1.142126798629760742e+00
1.139305949211120605e+00
1.140689373016357422e+00
1.140754580497741699e+00
1.141308903694152832e+00
1.141366004943847656e+00
1.142326831817626953e+00
1.142595052719116211e+00
1.142567873001098633e+00
1.143286824226379395e+00
1.141638040542602539e+00
1.141956686973571777e+00
1.142191529273986816e+00
1.140511274337768555e+00
1.141958475112915039e+00
1.140155911445617676e+00
1.139366030693054199e+00
1.140540122985839844e+00
1.141648888587951660e+00
1.141796588897705078e+00
1.141752362251281738e+00
1.142792105674743652e+00
1.142720222473144531e+00
1.143095135688781738e+00
1.142217516899108887e+00
1.143640637397766113e+00
1.142724990844726562e+00
1.142803788185119629e+00
1.143009901046752930e+00
1.143204689025878906e+00
1.142254114151000977e+00
1.140912413597106934e+00
1.139613270759582520e+00
1.139403104782104492e+00
1.139071822166442871e+00
1.139650940895080566e+00
1.140690684318542480e+00
1.140658140182495117e+00
1.141341686248779297e+00
1.141787886619567871e+00
1.142517447471618652e+00
1.143012523651123047e+00
1.141621708869934082e+00
1.140927553176879883e+00
1.138847708702087402e+00
1.139355540275573730e+00
1.139582872390747070e+00
1.138374209403991699e+00
1.138884782791137695e+00
1.140994787216186523e+00
1.140775561332702637e+00
1.139271020889282227e+00
1.139080643653869629e+00
1.138375759124755859e+00
1.139047384262084961e+00
1.138778686523437500e+00
1.140230178833007812e+00
1.141199231147766113e+00
1.140180826187133789e+00
1.139782547950744629e+00
1.140228390693664551e+00
1.139626383781433105e+00
1.138075470924377441e+00
1.138485908508300781e+00
1.138433098793029785e+00
1.139922022819519043e+00
1.139603376388549805e+00
1.140464186668395996e+00
1.138154983520507812e+00
1.136829614639282227e+00
1.137696027755737305e+00
1.136297225952148438e+00
1.137640833854675293e+00
1.136721491813659668e+00
1.136875510215759277e+00
1.137018918991088867e+00
1.137638568878173828e+00
1.139882206916809082e+00
1.141550898551940918e+00
1.142988681793212891e+00
1.141321063041687012e+00
1.141013622283935547e+00
1.141014218330383301e+00
1.142708659172058105e+00
1.143106460571289062e+00
1.142757296562194824e+00
1.142464399337768555e+00
1.141702771186828613e+00
1.142070174217224121e+00
1.141459584236145020e+00
1.141914844512939453e+00
1.143374204635620117e+00
1.144232988357543945e+00
1.144255399703979492e+00
1.144710421562194824e+00
1.144353628158569336e+00
1.144837617874145508e+00
1.144546985626220703e+00
1.142919659614562988e+00
1.144042849540710449e+00
1.144068241119384766e+00
1.143191456794738770e+00
1.142950415611267090e+00
1.141620278358459473e+00
1.141431689262390137e+00
1.141614794731140137e+00
1.142741322517395020e+00
1.142226219177246094e+00
1.143299102783203125e+00
1.143583655357360840e+00
1.143259286880493164e+00
1.144302487373352051e+00
1.144057273864746094e+00
1.145271539688110352e+00
1.144521594047546387e+00
1.143517374992370605e+00
1.142145037651062012e+00
1.143014073371887207e+00
1.143850445747375488e+00
1.143476963043212891e+00
1.142989277839660645e+00
1.142626047134399414e+00
1.142574429512023926e+00
1.142320275306701660e+00
1.142176032066345215e+00
1.140624403953552246e+00
1.140790820121765137e+00
1.140501976013183594e+00
1.139590740203857422e+00
1.138705015182495117e+00
1.139042615890502930e+00
1.138256907463073730e+00
1.137267112731933594e+00
1.137443184852600098e+00
1.138568878173828125e+00
1.139640331268310547e+00
1.139590740203857422e+00
1.137833356857299805e+00
1.137826919555664062e+00
1.139252305030822754e+00
1.139757633209228516e+00
1.140951395034790039e+00
1.141255497932434082e+00
1.141133308410644531e+00
1.139490246772766113e+00
1.139704465866088867e+00
1.141607403755187988e+00
1.141741871833801270e+00
1.140664577484130859e+00
1.141432881355285645e+00
1.140267014503479004e+00
1.139045000076293945e+00
1.138721704483032227e+00
1.137989282608032227e+00
1.138439059257507324e+00
1.137406587600708008e+00
1.138851761817932129e+00
1.137297511100769043e+00
1.136965274810791016e+00
1.137308001518249512e+00
1.137568235397338867e+00
1.137874722480773926e+00
1.137850403785705566e+00
1.138530731201171875e+00
1.138947248458862305e+00
1.139126062393188477e+00
1.139631748199462891e+00
1.138852834701538086e+00
1.139845252037048340e+00
1.141263604164123535e+00
1.140014290809631348e+00
1.140662074089050293e+00
1.140460729598999023e+00
1.140830993652343750e+00
1.142021298408508301e+00
1.142374634742736816e+00
1.141522288322448730e+00
1.139396309852600098e+00
1.138750791549682617e+00
1.137070178985595703e+00
1.135711073875427246e+00
1.136444449424743652e+00
1.136292338371276855e+00
1.137117147445678711e+00
1.136962413787841797e+00
1.137041211128234863e+00
1.138106346130371094e+00
1.137874841690063477e+00
1.137795209884643555e+00
1.137354612350463867e+00
1.136272668838500977e+00
1.136711001396179199e+00
1.135307073593139648e+00
1.136604309082031250e+00
1.136288404464721680e+00
1.137415051460266113e+00
1.138847351074218750e+00
1.139452338218688965e+00
1.138434648513793945e+00
1.139131069183349609e+00
1.139521718025207520e+00
1.140403151512145996e+00
1.139833331108093262e+00
1.140861153602600098e+00
1.140083432197570801e+00
1.141041517257690430e+00
1.141475796699523926e+00
1.140890836715698242e+00
1.142225027084350586e+00
1.143874645233154297e+00
1.142714500427246094e+00
1.140734910964965820e+00
1.141508817672729492e+00
1.141320228576660156e+00
1.141228914260864258e+00
1.139977097511291504e+00
1.138486146926879883e+00
1.139520525932312012e+00
1.140018582344055176e+00
1.139399647712707520e+00
1.139844059944152832e+00
1.139052271842956543e+00
1.139157772064208984e+00
1.138540148735046387e+00
1.137072920799255371e+00
1.136418700218200684e+00
1.135578274726867676e+00
1.136940240859985352e+00
1.136240959167480469e+00
1.136994242668151855e+00
1.136860370635986328e+00
1.137123823165893555e+00
1.137135863304138184e+00
1.136222481727600098e+00
1.136273980140686035e+00
1.136072874069213867e+00
1.136245369911193848e+00
1.136230707168579102e+00
1.135207891464233398e+00
1.134313106536865234e+00
1.134307622909545898e+00
1.133844852447509766e+00
1.136705160140991211e+00
1.137942075729370117e+00
1.136980056762695312e+00
1.136975407600402832e+00
1.138027548789978027e+00
1.138790249824523926e+00
1.140289425849914551e+00
1.140307068824768066e+00
1.140265941619873047e+00
1.141283512115478516e+00
1.140024900436401367e+00
1.138417601585388184e+00
1.137661099433898926e+00
1.136812686920166016e+00
1.137231111526489258e+00
1.138053655624389648e+00
1.137927889823913574e+00
1.137628436088562012e+00
1.137496113777160645e+00
1.136918783187866211e+00
1.137575745582580566e+00
1.137328624725341797e+00
1.136873960494995117e+00
1.138028502464294434e+00
1.138740897178649902e+00
1.138088583946228027e+00
1.138229012489318848e+00
1.139677643775939941e+00
1.140815138816833496e+00
1.139913558959960938e+00
1.140107870101928711e+00
1.140696287155151367e+00
1.139632940292358398e+00
1.140292525291442871e+00
1.139781475067138672e+00
1.139461398124694824e+00
1.139453053474426270e+00
1.139280200004577637e+00
1.140500664710998535e+00
1.140244126319885254e+00
1.139913082122802734e+00
1.138441085815429688e+00
1.138511896133422852e+00
1.139167904853820801e+00
1.139299035072326660e+00
1.139013171195983887e+00
1.139802694320678711e+00
1.140944123268127441e+00
1.142785668373107910e+00
1.142889142036437988e+00
1.142414093017578125e+00
1.144168376922607422e+00
1.143146514892578125e+00
1.143097519874572754e+00
1.142752528190612793e+00
1.142318367958068848e+00
1.141794681549072266e+00
1.140869379043579102e+00
1.140434980392456055e+00
1.140696406364440918e+00
1.139714717864990234e+00
1.140599131584167480e+00
1.140016794204711914e+00
1.141966223716735840e+00
1.142883539199829102e+00
1.143500208854675293e+00
1.143244266510009766e+00
1.142581939697265625e+00
1.142453908920288086e+00
1.142585158348083496e+00
1.141952395439147949e+00
1.140195131301879883e+00
1.140659689903259277e+00
1.139753460884094238e+00
1.139706611633300781e+00
1.139664411544799805e+00
1.139578580856323242e+00
1.138846635818481445e+00
1.138315320014953613e+00
1.137483835220336914e+00
1.137179493904113770e+00
1.137088060379028320e+00
1.137764811515808105e+00
1.135347485542297363e+00
1.134877800941467285e+00
1.135015010833740234e+00
1.133352518081665039e+00
1.133556485176086426e+00
1.134456276893615723e+00
1.135533332824707031e+00
1.135007500648498535e+00
1.136849284172058105e+00
1.138459444046020508e+00
1.138862490653991699e+00
1.138656258583068848e+00
1.138459324836730957e+00
1.139116764068603516e+00
1.137997150421142578e+00
1.137625336647033691e+00
1.136040329933166504e+00
1.136652708053588867e+00
