6.259861588478088379e-01
5.490633249282836914e-01
6.212528049945831299e-02
7.165493816137313843e-02
2.419133782386779785e-01
-1.028687879443168640e-01
1.523643374443054199e+00
6.925188750028610229e-02
-2.509356737136840820e-01
-2.833955526351928711e+00
2.264128178358078003e-01
-7.471446692943572998e-02
-2.870000898838043213e-01
1.110900193452835083e-01
-5.381741523742675781e-01
2.207536697387695312e-01
-1.297064423561096191e+00
1.314662098884582520e-01
-5.860941410064697266e-01
3.070058524608612061e-01
