4.502902984619140625e+00
4.515921115875244141e+00
3.096331834793090820e+00
4.552792072296142578e+00
4.548396587371826172e+00
4.554363250732421875e+00
-5.331583023071289062e-01
4.554709911346435547e+00
4.547544956207275391e+00
-9.124490618705749512e-01
4.549175262451171875e+00
4.554843902587890625e+00
4.545363903045654297e+00
4.553833484649658203e+00
4.517529964447021484e+00
4.549026966094970703e+00
1.192502856254577637e+00
4.552245616912841797e+00
4.510285377502441406e+00
4.543803215026855469e+00
