5.058465003967285156e+00
5.078212261199951172e+00
4.674674987792968750e+00
5.122532844543457031e+00
5.121105670928955078e+00
5.128160953521728516e+00
3.474987268447875977e+00
5.127845764160156250e+00
5.119712352752685547e+00
3.439700841903686523e+00
5.121665477752685547e+00
5.128388404846191406e+00
5.117308616638183594e+00
5.127062797546386719e+00
5.079876422882080078e+00
5.121053695678710938e+00
3.274426698684692383e+00
5.123722553253173828e+00
5.070371150970458984e+00
5.115284442901611328e+00
