1.452642828226089478e-01
-5.357377976179122925e-02
2.081233978271484375e+00
2.674569785594940186e-01
-3.063348121941089630e-02
8.109004795551300049e-02
-1.341030597686767578e-01
1.378170400857925415e-01
8.551501482725143433e-02
9.173651039600372314e-02
8.582577109336853027e-02
-1.111479699611663818e-01
-1.875094138085842133e-02
-1.209318041801452637e-01
-9.983041137456893921e-02
-1.288006156682968140e-01
3.897161781787872314e-02
-1.996038705110549927e-01
1.068782620131969452e-02
3.335833549499511719e-02
