2.936059422791004181e-02
1.680032163858413696e-02
2.426082268357276917e-02
-2.410490624606609344e-02
6.800335249863564968e-04
-2.232614532113075256e-02
3.533320873975753784e-02
-1.060218643397092819e-02
9.054540656507015228e-03
-8.300877213478088379e-01
7.291374262422323227e-03
4.099927842617034912e-03
1.121584046632051468e-02
6.906550843268632889e-03
-4.003248363733291626e-02
3.114424645900726318e-01
-8.513045497238636017e-03
6.897121667861938477e-03
7.924214587546885014e-04
-8.242425392381846905e-04
