3.753908395767211914e+00
3.503293514251708984e+00
3.562251329421997070e+00
3.622226238250732422e+00
5.121143341064453125e+00
3.478815078735351562e+00
2.728041172027587891e+00
3.806316614151000977e+00
3.875040054321289062e+00
4.655844211578369141e+00
4.083061218261718750e+00
3.688564777374267578e+00
3.392125368118286133e+00
3.581960678100585938e+00
3.245680809020996094e+00
1.761896848678588867e+00
3.456872940063476562e+00
3.815087556838989258e+00
5.121108055114746094e+00
5.121108531951904297e+00
