1.424587368965148926e+00
1.017236709594726562e+00
1.204828858375549316e+00
1.280498862266540527e+00
4.548459053039550781e+00
8.986199498176574707e-01
2.287949919700622559e-01
1.559252262115478516e+00
1.687359809875488281e+00
1.518133521080017090e+00
2.250557422637939453e+00
1.417329192161560059e+00
8.204452991485595703e-01
1.059213042259216309e+00
5.616949796676635742e-01
2.005471467971801758e+00
8.712407350540161133e-01
1.636265516281127930e+00
4.548427581787109375e+00
4.548432350158691406e+00
