-1.431100629270076752e-02
1.148185133934020996e-02
-1.706345565617084503e-02
-3.281994536519050598e-02
-1.827460341155529022e-02
-1.056391559541225433e-02
1.920747607946395874e-01
3.122987225651741028e-03
1.460928749293088913e-02
-6.489081680774688721e-02
-4.151920322328805923e-03
-3.953701630234718323e-02
-1.196444407105445862e-02
2.798515744507312775e-02
-8.117426931858062744e-02
-1.125262856483459473e+00
-1.087282523512840271e-01
-6.488887127488851547e-03
-1.826677657663822174e-02
1.826671324670314789e-02
