1.932316571474075317e-01
-1.622856855392456055e-01
6.897489428520202637e-01
5.374874472618103027e-01
-1.065012663602828979e-01
4.268048405647277832e-01
-3.249259665608406067e-02
2.419176250696182251e-01
1.682418286800384521e-01
2.193073481321334839e-01
1.560559719800949097e-01
-4.156943261623382568e-01
-1.224066093564033508e-01
-3.321321010589599609e-01
-3.348097503185272217e-01
-3.229173123836517334e-01
8.283494412899017334e-02
-3.109587430953979492e-01
6.377690285444259644e-02
7.344723492860794067e-02
